HINC-01. Selected Characteristics of Households, by Total Money Income in 1999 .                                                                               1
(Source:  Current Population Survey.  Numbers in thousands.  Households as of March of the following year)

                                                       $2,500    $5,000    $7,500   $10,000   $12,500   $15,000   $17,500   $20,000   $22,500   $25,000 
                                              Under        to        to        to        to        to        to        to        to        to        to 
                                    Total    $2,500    $4,999    $7,499    $9,999   $12,499   $14,999   $17,499   $19,999   $22,499   $24,999   $27,499 
                                                                                                                                                        
All Races                                                                                                                                               
All Households................    104,705     1,717     1,293     3,265     3,381     4,050     3,610     4,007     3,475     3,874     3,364     3,807 
                                                                                                                                                        
 TYPE OF RESIDENCE                                                                                                                                      
                                                                                                                                                        
Inside metro areas.............    84,259     1,340       993     2,321     2,586     3,033     2,694     2,998     2,686     2,986     2,535     2,939 
  Inside central cities........    31,825       686       617     1,303     1,309     1,456     1,219     1,252     1,162     1,286     1,094     1,358 
    One million or more........    20,214       468       409       800       832       904       754       801       718       836       607       842 
    Under one million..........    11,611       218       207       503       477       552       465       451       444       449       487       516 
  Outside central cities.......    52,433       655       377     1,018     1,277     1,577     1,475     1,746     1,524     1,700     1,441     1,581 
    One million or more........    35,917       423       247       624       845     1,035       917     1,072       943     1,097       924     1,011 
    Under one million..........    16,516       232       130       394       432       542       558       675       581       604       517       571 
Outside metro areas............    20,447       376       300       944       795     1,018       915     1,009       790       888       829       867 
                                                                                                                                                        
REGIONS/DIVISIONS                                                                                                                                       
                                                                                                                                                        
Northeast......................    20,087       326       265       602       739       817       719       751       666       733       589       656 
 New England...................     5,339        79        52       134       193       178       169       203       159       227       162       165 
 Middle Atlantic...............    14,747       247       214       468       545       639       550       548       507       506       427       491 
Midwest........................    24,508       331       287       726       733       886       784       873       803       876       833       838 
 East North Central............    17,110       216       220       499       507       575       533       639       536       598       546       577 
 West North Central............     7,398       115        67       226       225       311       251       234       267       279       287       261 
South..........................    37,303       706       474     1,418     1,243     1,509     1,459     1,486     1,343     1,424     1,249     1,460 
 South Atlantic................    19,430       351       230       666       547       731       714       685       711       764       608       738 
 East South Central............     6,466       131       101       288       251       304       283       279       243       224       222       254 
 West South Central............    11,407       225       142       464       444       474       462       522       389       436       420       468 
West...........................    22,808       355       267       519       667       839       647       896       663       841       693       854 
 Mountain......................     6,463       115        52       171       160       211       202       282       242       243       208       246 
 Pacific.......................    16,345       240       215       348       507       628       445       614       421       599       485       607 
                                                                                                                                                        
TYPE OF HOUSEHOLD                                                                                                                                       
                                                                                                                                                        
Family households..............    72,025       905       642     1,043     1,147     1,571     1,692     2,173     2,016     2,176     2,115     2,320 
 Married-couple families.......    55,311       418       167       288       444       778       892     1,344     1,219     1,413     1,462     1,542 
 Male householder, nsp.........     4,028        58        30        60        69       116       113       146       118       145       128       195 
 Female householder, nsp.......    12,687       429       445       695       634       678       687       683       678       618       525       583 
Nonfamily households...........    32,680       812       651     2,222     2,234     2,479     1,918     1,834     1,460     1,698     1,250     1,486 
 Male householder..............    14,641       385       263       660       642       765       613       664       568       757       563       703 
   Living alone................    11,181       346       241       618       593       682       525       583       464       639       464       585 
 Female householder............    18,039       427       388     1,562     1,592     1,714     1,305     1,170       892       942       687       784 
   Living alone................    15,543       411       368     1,523     1,549     1,644     1,250     1,093       821       858       605       657 
                                                                                                                                                        
AGE OF HOUSEHOLDER                                                                                                                                      
                                                                                                                                                        
Under 65 years.................    82,961     1,454       991     2,063     1,756     2,265     2,085     2,549     2,153     2,634     2,158     2,876 
  15 to 24 years...............     5,860       255       227       323       238       331       274       341       293       370       251       394 
  25 to 34 years...............    18,627       278       240       388       323       514       496       707       563       689       490       795 
  35 to 44 years...............    23,955       316       201       433       365       494       479       619       513       740       667       661 
  45 to 54 years...............    20,927       247       139       470       399       442       402       476       418       461       399       584 
  55 to 64 years...............    13,592       358       184       449       431       483       434       406       368       375       350       442 
65 years and over..............    21,745       263       303     1,202     1,625     1,786     1,525     1,457     1,322     1,240     1,206       931 
  65 to 74 years...............    11,325       147       112       549       640       741       585       653       606       569       630       468 
  75 years and over............    10,419       116       191       653       985     1,045       940       804       716       671       576       463 
                                                                                                                                                        
Mean age of householder........      48.7      46.2      47.1      54.2      59.2      56.8      56.1      52.7      53.5      50.6      52.6      48.0 
HINC-01. Selected Characteristics of Households, by Total Money Income in 1999 .                                                                               2
(Source:  Current Population Survey.  Numbers in thousands.  Households as of March of the following year)

                                                       $2,500    $5,000    $7,500   $10,000   $12,500   $15,000   $17,500   $20,000   $22,500   $25,000 
                                              Under        to        to        to        to        to        to        to        to        to        to 
                                    Total    $2,500    $4,999    $7,499    $9,999   $12,499   $14,999   $17,499   $19,999   $22,499   $24,999   $27,499 
                                                                                                                                                        
SIZE OF HOUSEHOLD                                                                                                                                       
                                                                                                                                                        
One person.....................    26,724       757       609     2,141     2,143     2,326     1,775     1,677     1,286     1,497     1,069     1,243 
Two people.....................    34,666       514       312       530       640       943     1,060     1,207     1,240     1,238     1,312     1,402 
Three people...................    17,152       217       167       299       318       353       333       515       456       527       440       516 
Four people....................    15,309       127       132       159       156       244       214       328       250       338       291       315 
Five people....................     6,981        65        53        81        73       121       130       162       148       179       149       186 
Six people.....................     2,445        14        13        39        36        45        62        73        62        62        65        99 
Seven people or more...........     1,428        23         7        15        16        18        37        45        34        34        39        45 
                                                                                                                                                        
Mean size of household.........      2.62      2.06      2.07      1.69      1.70      1.83      1.98      2.15      2.18      2.21      2.30      2.32 
                                                                                                                                                        
NUMBER OF EARNERS                                                                                                                                       
                                                                                                                                                        
No earners.....................    20,521     1,163       639     2,116     2,222     2,137     1,750     1,443     1,287     1,125       982       772 
One earner.....................    36,689       460       620     1,017       986     1,611     1,512     1,999     1,616     2,006     1,574     1,960 
Two earners or more............    47,495        94        33       132       173       303       348       565       572       743       808     1,075 
  2 earners....................    37,070        88        29       121       158       278       328       513       527       671       734       985 
  3 earners....................     7,687         3         5        10        13        19        18        40        41        59        67        85 
  4 earners or more............     2,738         3         0         0         2         7         2        11         4        13         7         5 
                                                                                                                                                        
Mean number of earners.........      1.42      0.38      0.53      0.40      0.40      0.56      0.63      0.81      0.82      0.94      0.99      1.12 
                                                                                                                                                        
WORK EXPERIENCE OF                                                                                                                                      
HOUSEHOLDER                                                                                                                                             
                                                                                                                                                        
     Total.....................   104,705     1,717     1,293     3,265     3,381     4,050     3,610     4,007     3,475     3,874     3,364     3,807 
Worked.........................    75,166       485       565     1,048     1,004     1,632     1,583     2,222     1,872     2,349     2,006     2,610 
  Worked at f-t jobs...........    65,248       310       302       595       584     1,136     1,149     1,748     1,486     1,971     1,595     2,254 
    50 weeks or more...........    55,487       171        81       189       217       718       719     1,233     1,092     1,569     1,280     1,861 
    27 to 49 weeks.............     6,316        31        58       153       173       246       247       320       237       265       199       282 
    26 weeks or less...........     3,445       108       163       252       195       172       183       196       157       137       116       110 
  Worked at p-t jobs...........     9,918       175       263       453       419       496       434       474       386       378       411       356 
    50 weeks or more...........     5,153        40        55       157       203       278       189       257       210       217       192       181 
    27 to 49 weeks.............     2,198         9        60       103        95        89       117        94        86        81       111        90 
    26 weeks or less...........     2,567       126       149       193       122       129       128       122        90        80       108        85 
Did not work...................    29,539     1,232       728     2,217     2,377     2,419     2,027     1,784     1,603     1,525     1,358     1,196 
                                                                                                                                                        
EDUCATIONAL ATTAINMENT                                                                                                                                  
 OF HOUSEHOLDER                                                                                                                                         
                                                                                                                                                        
 Total, 25 yrs & over..........    98,845     1,462     1,066     2,942     3,143     3,719     3,336     3,665     3,183     3,504     3,113     3,413 
Less than 9th grade............     6,800       193       201       692       700       626       555       479       377       331       330       283 
9th to 12th grade, no diploma..     8,974       268       226       672       680       671       587       577       485       464       430       383 
High School graduate                                                                                                                                    
(includes equivalency).........    30,846       533       333       900     1,072     1,355     1,226     1,442     1,271     1,366     1,127     1,272 
Some college, no degree........    17,986       198       136       380       338       532       467       628       539       700       610       625 
Associate Degree...............     7,755        68        62        93       129       197       213       202       197       231       207       317 
Bachelor's Degree or more......    26,484       202       110       206       226       338       288       337       315       411       408       532 
  Bachelor's Degree............    17,144       145        78       147       156       263       206       248       224       295       295       422 
  Master's Degree..............     6,336        37        22        33        45        45        59        68        69        99        90        76 
  Professional Degree..........     1,651         8         3        14         9        25        20        13        21         7        16        10 
  Doctorate Degree.............     1,353        13         5        11        15         5         3         8         2        10         8        24 
                                                                                                                                                        
TENURE                                                                                                                                                  
                                                                                                                                                        
Owner occupied.................    70,370       775       444     1,184     1,460     2,030     1,838     2,184     1,934     2,103     2,079     2,115 
Renter occupied................    32,711       870       783     1,940     1,830     1,902     1,687     1,729     1,487     1,696     1,217     1,609 
Occupier paid no cash                                                                                                                                   
rent...........................     1,624        71        66       141        91       118        84        94        55        75        68        83 
HINC-01. Selected Characteristics of Households, by Total Money Income in 1999 .                                                                               3
(Source:  Current Population Survey.  Numbers in thousands.  Households as of March of the following year)

                                  $27,500   $30,000   $32,500   $35,000   $37,500   $40,000   $42,500   $45,000   $47,500   $50,000   $52,500   $55,000 
                                       to        to        to        to        to        to        to        to        to        to        to        to 
                                  $29,999   $32,499   $34,999   $37,499   $39,999   $42,499   $44,999   $47,499   $49,999   $52,499   $54,999   $57,499 
                                                                                                                                                        
All Races                                                                                                                                               
All Households................      3,083     3,634     2,748     3,485     2,531     3,156     2,409     2,716     2,243     2,762     2,027     2,230 
                                                                                                                                                        
 TYPE OF RESIDENCE                                                                                                                                      
                                                                                                                                                        
Inside metro areas.............     2,436     2,908     2,174     2,780     2,005     2,490     1,961     2,158     1,716     2,211     1,572     1,801 
  Inside central cities........       936     1,168       818     1,088       766       916       685       778       649       821       522       593 
    One million or more........       535       695       498       687       489       622       415       478       416       536       294       363 
    Under one million..........       401       473       319       401       277       294       270       300       233       285       228       230 
  Outside central cities.......     1,500     1,740     1,356     1,692     1,239     1,574     1,275     1,380     1,067     1,390     1,050     1,208 
    One million or more........       944     1,158       846     1,123       796     1,039       828       942       684       943       720       796 
    Under one million..........       556       582       510       569       443       535       447       438       383       447       329       412 
Outside metro areas............       647       726       573       704       526       666       448       558       527       551       455       429 
                                                                                                                                                        
REGIONS/DIVISIONS                                                                                                                                       
                                                                                                                                                        
Northeast......................       525       679       498       615       407       576       396       499       373       481       373       357 
 New England...................       120       172       135       153       103       161       111       116       117       113       119        89 
 Middle Atlantic...............       405       507       363       461       303       415       285       383       256       368       254       268 
Midwest........................       659       785       642       778       649       735       533       690       612       731       513       571 
 East North Central............       477       554       457       543       448       487       369       465       439       505       358       405 
 West North Central............       182       231       184       235       201       248       163       225       173       226       155       166 
South..........................     1,205     1,372     1,007     1,327       919     1,148       886       938       768       995       703       831 
 South Atlantic................       649       720       530       686       473       619       459       493       380       490       359       482 
 East South Central............       202       233       194       241       178       202       150       165       131       195       134       132 
 West South Central............       354       419       283       401       267       327       277       280       256       310       209       216 
West...........................       694       797       601       765       557       698       594       589       489       555       439       470 
 Mountain......................       216       263       170       238       159       218       170       175       182       163       104       119 
 Pacific.......................       477       535       431       527       397       480       424       414       308       392       335       351 
                                                                                                                                                        
TYPE OF HOUSEHOLD                                                                                                                                       
                                                                                                                                                        
Family households..............     2,011     2,304     1,878     2,319     1,906     2,273     1,822     2,022     1,720     2,051     1,616     1,741 
 Married-couple families.......     1,426     1,626     1,366     1,684     1,485     1,710     1,386     1,601     1,327     1,701     1,321     1,442 
 Male householder, nsp.........       107       182       114       207       117       151       133       125        98       126        82       105 
 Female householder, nsp.......       478       496       398       428       304       412       302       296       295       224       213       194 
Nonfamily households...........     1,072     1,330       869     1,166       625       883       587       694       522       711       411       489 
 Male householder..............       541       656       426       607       293       488       301       411       273       395       237       281 
   Living alone................       415       551       330       491       233       397       206       301       168       272       162       174 
 Female householder............       531       674       444       559       332       395       286       283       250       316       174       209 
   Living alone................       467       560       401       476       257       309       221       201       188       201       139       157 
                                                                                                                                                        
AGE OF HOUSEHOLDER                                                                                                                                      
                                                                                                                                                        
Under 65 years.................     2,263     2,913     2,094     2,832     2,045     2,661     1,953     2,403     1,914     2,424     1,777     1,971 
  15 to 24 years...............       221       238       196       200       165       192       109       141       123       154        60       101 
  25 to 34 years...............       591       823       543       803       500       655       470       615       446       610       394       469 
  35 to 44 years...............       620       931       619       787       578       834       556       750       561       729       583       667 
  45 to 54 years...............       465       512       428       624       450       603       478       572       483       598       424       509 
  55 to 64 years...............       366       408       309       419       352       376       340       325       301       333       316       225 
65 years and over..............       820       720       654       652       486       495       455       313       329       338       250       259 
  65 to 74 years...............       417       415       394       388       288       318       285       223       192       222       170       175 
  75 years and over............       403       305       260       264       198       177       171        91       136       116        80        85 
                                                                                                                                                        
Mean age of householder........      49.5      46.5      48.1      46.6      47.5      45.9      47.9      44.6      46.2      44.9      46.4      44.8 
HINC-01. Selected Characteristics of Households, by Total Money Income in 1999 .                                                                               4
(Source:  Current Population Survey.  Numbers in thousands.  Households as of March of the following year)

                                  $27,500   $30,000   $32,500   $35,000   $37,500   $40,000   $42,500   $45,000   $47,500   $50,000   $52,500   $55,000 
                                       to        to        to        to        to        to        to        to        to        to        to        to 
                                  $29,999   $32,499   $34,999   $37,499   $39,999   $42,499   $44,999   $47,499   $49,999   $52,499   $54,999   $57,499 
                                                                                                                                                        
SIZE OF HOUSEHOLD                                                                                                                                       
                                                                                                                                                        
One person.....................       881     1,111       731       967       491       706       427       502       357       474       301       331 
Two people.....................     1,137     1,242       974     1,188       959     1,111       964       898       795     1,000       755       801 
Three people...................       414       483       440       541       419       527       396       497       476       507       368       442 
Four people....................       358       451       316       427       366       478       370       473       376       453       315       390 
Five people....................       199       231       167       223       190       208       169       226       162       232       176       171 
Six people.....................        52        69        62        80        79        81        57        73        52        62        70        42 
Seven people or more...........        41        46        58        59        28        45        26        47        24        35        41        53 
                                                                                                                                                        
Mean size of household.........      2.46      2.46      2.57      2.55      2.71      2.68      2.70      2.84      2.80      2.80      2.90      2.89 
                                                                                                                                                        
NUMBER OF EARNERS                                                                                                                                       
                                                                                                                                                        
No earners.....................       617       497       461       438       324       290       286       165       144       188       156       105 
One earner.....................     1,461     1,954     1,226     1,731       977     1,410       843       977       737     1,000       613       666 
Two earners or more............     1,005     1,183     1,061     1,316     1,230     1,457     1,280     1,574     1,361     1,574     1,258     1,459 
  2 earners....................       908     1,004       885     1,149     1,042     1,270     1,035     1,300     1,098     1,278     1,004     1,241 
  3 earners....................        83       144       159       135       159       155       207       216       217       252       204       168 
  4 earners or more............        14        35        17        32        29        32        37        57        46        45        50        50 
                                                                                                                                                        
Mean number of earners.........      1.18      1.27      1.32      1.34      1.48      1.47      1.56      1.67      1.72      1.66      1.74      1.76 
                                                                                                                                                        
WORK EXPERIENCE OF                                                                                                                                      
HOUSEHOLDER                                                                                                                                             
                                                                                                                                                        
     Total.....................     3,083     3,634     2,748     3,485     2,531     3,156     2,409     2,716     2,243     2,762     2,027     2,230 
Worked.........................     2,112     2,747     1,999     2,641     1,929     2,490     1,896     2,297     1,867     2,326     1,658     1,923 
  Worked at f-t jobs...........     1,795     2,361     1,683     2,369     1,694     2,235     1,695     2,059     1,662     2,144     1,474     1,708 
    50 weeks or more...........     1,440     1,991     1,415     2,030     1,435     1,975     1,489     1,821     1,466     1,881     1,284     1,557 
    27 to 49 weeks.............       221       223       172       235       175       181       144       161       125       187       130       107 
    26 weeks or less...........       134       147        95       104        85        79        63        77        72        76        59        44 
  Worked at p-t jobs...........       317       385       316       272       234       255       201       238       205       182       184       215 
    50 weeks or more...........       150       198       152       152       121       144       122       146       109       102        95       134 
    27 to 49 weeks.............        86        96        66        56        48        51        39        44        37        41        36        44 
    26 weeks or less...........        81        91        98        63        65        60        40        48        58        38        53        37 
Did not work...................       971       887       749       843       602       666       512       419       375       436       369       307 
                                                                                                                                                        
EDUCATIONAL ATTAINMENT                                                                                                                                  
 OF HOUSEHOLDER                                                                                                                                         
                                                                                                                                                        
 Total, 25 yrs & over..........     2,862     3,395     2,552     3,285     2,366     2,964     2,300     2,575     2,119     2,608     1,966     2,129 
Less than 9th grade............       237       210       188       169       105       135        95        92        67        73        84        75 
9th to 12th grade, no diploma..       329       362       265       299       220       202       187       183       141       163       115       109 
High School graduate                                                                                                                                    
(includes equivalency).........     1,088     1,213       887     1,137       841     1,081       799       891       696       917       673       649 
Some college, no degree........       540       681       524       668       475       630       489       574       477       559       371       499 
Associate Degree...............       176       292       223       246       216       262       176       223       207       228       182       214 
Bachelor's Degree or more......       491       637       464       766       511       654       553       613       532       668       541       582 
  Bachelor's Degree............       356       490       326       525       352       511       383       455       351       464       382       365 
  Master's Degree..............        99       101       112       176       109       110       141       114       139       158       117       158 
  Professional Degree..........        21        39        10        42        37        19        13        25        25        27        11        20 
  Doctorate Degree.............        15         8        16        24        13        14        17        18        17        19        31        39 
                                                                                                                                                        
TENURE                                                                                                                                                  
                                                                                                                                                        
Owner occupied.................     1,876     2,141     1,732     2,222     1,711     2,131     1,689     1,857     1,635     1,962     1,511     1,719 
Renter occupied................     1,144     1,426       978     1,219       781       985       675       847       582       780       501       493 
Occupier paid no cash                                                                                                                                   
rent...........................        63        67        37        43        38        41        44        12        26        21        15        18 
HINC-01. Selected Characteristics of Households, by Total Money Income in 1999 .                                                                               5
(Source:  Current Population Survey.  Numbers in thousands.  Households as of March of the following year)

                                  $57,500   $60,000   $62,500   $65,000   $67,500   $70,000   $72,500   $75,000   $77,500   $80,000   $82,500   $85,000 
                                       to        to        to        to        to        to        to        to        to        to        to        to 
                                  $59,999   $62,499   $64,999   $67,499   $69,999   $72,499   $74,999   $77,499   $79,999   $82,499   $84,999   $87,499 
                                                                                                                                                        
All Races                                                                                                                                               
All Households................      1,834     2,409     1,703     1,884     1,496     1,680     1,247     1,684     1,219     1,413     1,113     1,120 
                                                                                                                                                        
 TYPE OF RESIDENCE                                                                                                                                      
                                                                                                                                                        
Inside metro areas.............     1,457     1,979     1,357     1,527     1,237     1,405     1,036     1,447     1,024     1,177       982       948 
  Inside central cities........       540       639       475       479       385       452       304       456       292       378       276       254 
    One million or more........       345       435       303       314       249       303       188       299       178       234       177       160 
    Under one million..........       195       204       172       166       136       149       116       156       114       143        99        94 
  Outside central cities.......       917     1,340       882     1,048       852       953       731       991       732       799       706       694 
    One million or more........       607       934       618       724       624       652       519       723       514       575       497       508 
    Under one million..........       310       406       265       324       228       301       212       268       218       224       209       186 
Outside metro areas............       378       430       346       357       258       276       211       237       195       236       131       172 
                                                                                                                                                        
REGIONS/DIVISIONS                                                                                                                                       
                                                                                                                                                        
Northeast......................       324       426       322       383       293       349       228       295       249       295       255       218 
 New England...................        85       134        82        97        91        96        58       106        62        75        58        73 
 Middle Atlantic...............       239       293       241       286       202       253       170       189       187       220       197       145 
Midwest........................       480       583       451       485       380       431       373       373       281       308       287       320 
 East North Central............       320       408       304       368       259       305       265       231       203       223       223       209 
 West North Central............       160       175       148       116       121       126       107       142        77        84        64       111 
South..........................       623       842       552       608       444       489       372       615       441       465       352       361 
 South Atlantic................       385       478       276       263       243       274       207       322       224       246       197       189 
 East South Central............        78       132       102       129        74        64        42       106        68        62        53        67 
 West South Central............       161       233       174       217       127       150       124       187       149       157       102       105 
West...........................       408       558       377       408       379       412       274       401       248       344       219       221 
 Mountain......................       119       162       103       133       105       114        82       124        73        94        66        57 
 Pacific.......................       289       396       274       276       274       298       192       277       175       250       153       164 
                                                                                                                                                        
TYPE OF HOUSEHOLD                                                                                                                                       
                                                                                                                                                        
Family households..............     1,475     1,921     1,390     1,561     1,229     1,405     1,074     1,417     1,040     1,221       965       956 
 Married-couple families.......     1,222     1,614     1,180     1,337     1,071     1,225       920     1,251       936     1,069       872       857 
 Male householder, nsp.........        89       111        64        74        52        53        51        65        42        62        40        35 
 Female householder, nsp.......       164       195       146       150       106       127       103       102        62        90        54        64 
Nonfamily households...........       359       489       313       323       267       275       173       267       179       192       148       164 
 Male householder..............       197       288       171       177       156       157       105       162       103       114        94        98 
   Living alone................       112       179       118        84        95        89        58        92        63        68        44        28 
 Female householder............       162       201       142       146       110       118        68       105        75        78        53        66 
   Living alone................        78       144        88        95        56        67        33        65        37        43        32        44 
                                                                                                                                                        
AGE OF HOUSEHOLDER                                                                                                                                      
                                                                                                                                                        
Under 65 years.................     1,624     2,188     1,527     1,738     1,330     1,563     1,145     1,555     1,101     1,312     1,010     1,031 
  15 to 24 years...............        56        70        33        61        38        38        29        28        18        21        15        31 
  25 to 34 years...............       420       549       359       418       291       421       227       282       237       290       187       193 
  35 to 44 years...............       492       663       486       574       443       488       378       520       378       341       361       350 
  45 to 54 years...............       386       628       410       442       323       430       344       486       279       410       338       306 
  55 to 64 years...............       270       278       239       243       234       186       166       239       189       250       111       151 
65 years and over..............       210       222       176       147       166       118       102       129       118       101       102        89 
  65 to 74 years...............       126       155       114        97       138        80        82        91        73        65        62        59 
  75 years and over............        84        66        61        50        28        38        20        37        46        35        40        30 
                                                                                                                                                        
Mean age of householder........      45.6      44.7      45.6      44.3      45.6      43.8      45.3      45.7      46.0      46.1      45.8      45.3 
HINC-01. Selected Characteristics of Households, by Total Money Income in 1999 .                                                                               6
(Source:  Current Population Survey.  Numbers in thousands.  Households as of March of the following year)

                                  $57,500   $60,000   $62,500   $65,000   $67,500   $70,000   $72,500   $75,000   $77,500   $80,000   $82,500   $85,000 
                                       to        to        to        to        to        to        to        to        to        to        to        to 
                                  $59,999   $62,499   $64,999   $67,499   $69,999   $72,499   $74,999   $77,499   $79,999   $82,499   $84,999   $87,499 
                                                                                                                                                        
SIZE OF HOUSEHOLD                                                                                                                                       
                                                                                                                                                        
One person.....................       190       323       206       179       150       155        91       157       100       111        76        72 
Two people.....................       678       845       577       657       610       609       401       550       411       505       394       370 
Three people...................       385       496       370       396       298       343       275       351       276       328       253       282 
Four people....................       362       458       348       384       270       348       308       363       299       315       245       255 
Five people....................       142       189       114       186        94       159       117       164        71       107       120       104 
Six people.....................        38        63        58        50        48        41        34        67        48        32        15        24 
Seven people or more...........        39        35        29        31        25        25        22        30        14        15        10        14 
                                                                                                                                                        
Mean size of household.........      3.00      2.93      2.99      3.06      2.90      3.03      3.19      3.14      3.07      3.01      3.08      3.14 
                                                                                                                                                        
NUMBER OF EARNERS                                                                                                                                       
                                                                                                                                                        
No earners.....................       100       107        77        57        65        57        40        62        62        48        37        25 
One earner.....................       437       707       424       475       361       402       212       431       264       330       173       210 
Two earners or more............     1,297     1,595     1,203     1,352     1,070     1,222       995     1,191       893     1,036       903       885 
  2 earners....................     1,009     1,268       944     1,054       821       977       704       870       665       765       637       653 
  3 earners....................       211       257       207       207       184       178       222       217       164       212       206       183 
  4 earners or more............        77        71        52        91        65        67        69       104        64        58        60        48 
                                                                                                                                                        
Mean number of earners.........      1.90      1.82      1.89      1.94      1.92      1.92      2.12      1.97      1.98      1.97      2.14      2.08 
                                                                                                                                                        
WORK EXPERIENCE OF                                                                                                                                      
HOUSEHOLDER                                                                                                                                             
                                                                                                                                                        
     Total.....................     1,834     2,409     1,703     1,884     1,496     1,680     1,247     1,684     1,219     1,413     1,113     1,120 
Worked.........................     1,543     2,093     1,483     1,675     1,301     1,518     1,126     1,487     1,050     1,239       991     1,018 
  Worked at f-t jobs...........     1,392     1,890     1,359     1,518     1,193     1,411     1,007     1,384       958     1,141       915       951 
    50 weeks or more...........     1,212     1,719     1,218     1,394     1,080     1,288       922     1,265       874     1,035       841       887 
    27 to 49 weeks.............       125       141       105       103        82        84        65        93        55        75        64        58 
    26 weeks or less...........        55        30        35        21        31        39        19        26        29        32         9         7 
  Worked at p-t jobs...........       151       203       124       157       109       107       119       103        92        97        75        67 
    50 weeks or more...........        85       114        73        92        46        63        78        52        51        67        45        54 
    27 to 49 weeks.............        43        57        33        40        38        26        24        26        24        13         9         7 
    26 weeks or less...........        23        32        19        26        25        19        17        25        17        16        21         6 
Did not work...................       292       316       220       209       194       163       121       197       169       174       122       102 
                                                                                                                                                        
EDUCATIONAL ATTAINMENT                                                                                                                                  
 OF HOUSEHOLDER                                                                                                                                         
                                                                                                                                                        
 Total, 25 yrs & over..........     1,779     2,340     1,670     1,823     1,457     1,642     1,217     1,656     1,201     1,392     1,098     1,089 
Less than 9th grade............        40        69        28        39        30        36        28        20        19        20        10        14 
9th to 12th grade, no diploma..        97       129        73       121        35        56        45        39        27        37        28        21 
High School graduate                                                                                                                                    
(includes equivalency).........       533       752       518       550       392       498       389       399       353       365       292       286 
Some college, no degree........       369       425       371       398       266       319       234       348       227       241       193       218 
Associate Degree...............       171       222       167       187       188       134       128       131       143       146       140       106 
Bachelor's Degree or more......       569       742       514       528       547       599       394       719       433       583       436       444 
  Bachelor's Degree............       389       505       312       350       372       389       271       489       283       391       272       297 
  Master's Degree..............       140       178       158       138       144       159        95       159       108       138       129       106 
  Professional Degree..........        20        23        22        23        15        21        11        32        28        33        13        33 
  Doctorate Degree.............        20        35        21        17        17        30        17        40        16        21        21         8 
                                                                                                                                                        
TENURE                                                                                                                                                  
                                                                                                                                                        
Owner occupied.................     1,390     1,851     1,300     1,488     1,180     1,356     1,023     1,378       999     1,194       933       966 
Renter occupied................       418       526       392       373       305       312       212       283       215       206       174       150 
Occupier paid no cash                                                                                                                                   
rent...........................        26        32        11        24        10        13        11        23         5        13         6         4 
HINC-01. Selected Characteristics of Households, by Total Money Income in 1999 .                                                                               7
(Source:  Current Population Survey.  Numbers in thousands.  Households as of March of the following year)

                                  $87,500   $90,000   $92,500   $95,000   $97,500  $100,000        Median income                Mean income          Gini  
                                       to        to        to        to        to       and                    Standard                    Standard        
                                  $89,999   $92,499   $94,999   $97,499   $99,999      over  Value (Dol.)  error (Dol.)  Value (Dol.)  error (Dol.)  ratio 
                                                                                                                                                           
All Races                                                                                                                                                  
All Households................        903       981       755       866       701    12,831        40,816           192        54,842           287   .445 
                                                                                                                                                           
 TYPE OF RESIDENCE                                                                                                                                         
                                                                                                                                                           
Inside metro areas.............       781       856       659       779       622    11,661        42,785           277        57,866           337   .444 
  Inside central cities........       214       266       188       213       160     3,373        35,573           307        50,197           538   .470 
    One million or more........       160       168       118       137       118     2,330        36,485           387        51,947           718   .474 
    Under one million..........        54        98        70        76        42     1,043        33,756           631        47,149           781   .460 
  Outside central cities.......       567       589       470       567       462     8,289        47,708           380        62,521           429   .424 
    One million or more........       396       428       358       459       354     6,470        51,221           376        66,553           550   .420 
    Under one million..........       171       162       113       108       108     1,819        41,703           450        53,754           641   .420 
Outside metro areas............       121       125        97        87        79     1,170        33,021           566        42,380           557   .429 
                                                                                                                                                           
REGIONS/DIVISIONS                                                                                                                                          
                                                                                                                                                           
Northeast......................       188       172       152       187       151     2,958        41,984           425        59,581           719   .463 
 New England...................        51        38        48        49        54       854        44,864         1,115        61,400         1,346   .446 
 Middle Atlantic...............       137       134       104       138        97     2,104        41,153           505        58,922           849   .468 
Midwest........................       231       201       193       204       178     2,885        42,679           506        54,436           534   .426 
 East North Central............       167       121       130       159       131     2,132        43,468           673        55,659           666   .428 
 West North Central............        64        80        64        45        47       753        41,443           658        51,607           865   .420 
South..........................       311       362       266       271       209     3,848        37,442           333        50,728           444   .447 
 South Atlantic................       200       192       167       155       127     2,200        39,537           560        52,972           645   .442 
 East South Central............        59        63        45        31        21       532        35,248           697        46,867         1,029   .453 
 West South Central............        52       107        54        85        61     1,115        36,255           519        49,093           747   .451 
West...........................       173       246       144       204       163     3,141        42,720           476        57,834           699   .441 
 Mountain......................        50        59        28        61        30       697        40,612           740        53,151         1,172   .430 
 Pacific.......................       123       187       116       144       133     2,444        43,779           589        59,686           857   .444 
                                                                                                                                                           
TYPE OF HOUSEHOLD                                                                                                                                          
                                                                                                                                                           
Family households..............       783       833       696       786       624    11,187        49,940           273        63,522           363   .408 
 Married-couple families.......       687       753       613       704       556    10,399        56,827           305        71,056           440   .380 
 Male householder, nsp.........        39        36        28        35        20       407        41,838           797        53,663         1,183   .405 
 Female householder, nsp.......        56        44        54        47        48       381        26,164           361        33,804           469   .435 
Nonfamily households...........       120       148        60        80        77     1,644        24,566           271        35,713           410   .479 
 Male householder..............        65        92        27        53        54     1,038        30,753           345        43,405           779   .467 
   Living alone................        20        56         4        26        30       570        26,852           338        37,709           851   .472 
 Female householder............        55        56        33        27        23       607        19,917           277        29,470           374   .470 
   Living alone................        25        39        17         9         6       309        17,347           223        25,341           357   .453 
                                                                                                                                                           
AGE OF HOUSEHOLDER                                                                                                                                         
                                                                                                                                                           
Under 65 years.................       816       903       682       815       641    11,747        46,805           224        60,129           336   .423 
  15 to 24 years...............        17        24        13        10         6       154        25,171           419        31,310           605   .430 
  25 to 34 years...............       119       180       105       123       113     1,711        42,174           402        52,151           571   .397 
  35 to 44 years...............       274       328       182       292       185     3,520        50,873           397        62,827           615   .397 
  45 to 54 years...............       291       246       270       285       237     4,233        56,917           532        71,697           765   .402 
  55 to 64 years...............       114       125       111       105        99     2,130        44,597           647        60,922           930   .458 
65 years and over..............        87        78        74        51        61     1,084        22,812           229        34,671           455   .474 
  65 to 74 years...............        55        48        58        40        40       756        27,304           440        40,641           746   .471 
  75 years and over............        32        30        16        11        21       328        19,161           267        28,182           475   .455 
                                                                                                                                                           
Mean age of householder........      47.3      44.9      47.5      45.5      46.8      47.4           (X)           (X)           (X)           (X)    (X) 
HINC-01. Selected Characteristics of Households, by Total Money Income in 1999 .                                                                               8
(Source:  Current Population Survey.  Numbers in thousands.  Households as of March of the following year)

                                  $87,500   $90,000   $92,500   $95,000   $97,500  $100,000        Median income                Mean income          Gini  
                                       to        to        to        to        to       and                    Standard                    Standard        
                                  $89,999   $92,499   $94,999   $97,499   $99,999      over  Value (Dol.)  error (Dol.)  Value (Dol.)  error (Dol.)  ratio 
                                                                                                                                                           
SIZE OF HOUSEHOLD                                                                                                                                          
                                                                                                                                                           
One person.....................        45        95        21        35        37       879        21,083           204        30,516           416   .474 
Two people.....................       339       299       273       248       242     4,437        43,342           361        57,393           490   .423 
Three people...................       164       188       154       195       148     2,597        51,190           484        62,983           715   .399 
Four people....................       214       254       184       239       176     2,962        59,768           597        72,738           831   .374 
Five people....................        94        99        86       102        61     1,271        54,440           892        68,739         1,230   .391 
Six people.....................        26        30        25        25        23       444        51,887         1,435        70,003         2,450   .416 
Seven people or more...........        20        16        13        21        15       242        52,146         1,916        64,646         2,547   .394 
                                                                                                                                                           
Mean size of household.........      3.25      3.20      3.33      3.41      3.27      3.22           (X)           (X)           (X)           (X)    (X) 
                                                                                                                                                           
NUMBER OF EARNERS                                                                                                                                          
                                                                                                                                                           
No earners.....................        20        26        20        22        21       369        15,405           186        22,242           264   .465 
One earner.....................       150       228       147       125        92     2,566        31,948           183        44,524           451   .443 
Two earners or more............       733       727       588       719       588     9,896        63,021           339        76,898           466   .337 
  2 earners....................       534       528       363       486       358     6,787        59,699           351        73,119           529   .346 
  3 earners....................       139       152       151       173       161     2,004        74,074           741        86,356         1,095   .290 
  4 earners or more............        60        47        73        60        69     1,105        89,420         1,769       101,518         1,940   .263 
                                                                                                                                                           
Mean number of earners.........      2.14      2.02      2.22      2.23      2.38      2.16           (X)           (X)           (X)           (X)    (X) 
                                                                                                                                                           
WORK EXPERIENCE OF                                                                                                                                         
HOUSEHOLDER                                                                                                                                                
                                                                                                                                                           
     Total.....................       903       981       755       866       701    12,831        40,816           192        54,842           287   .445 
Worked.........................       805       904       673       782       644    11,572        50,246           221        63,965           363   .399 
  Worked at f-t jobs...........       715       825       612       725       594    10,646        52,261           223        66,313           388   .385 
    50 weeks or more...........       651       741       553       656       530     9,706        55,619           283        69,441           423   .367 
    27 to 49 weeks.............        41        79        45        62        54       713        38,868           851        54,374         1,231   .439 
    26 weeks or less...........        24         5        13         7        11       228        26,001           995        37,808         1,292   .499 
  Worked at p-t jobs...........        90        79        62        57        50       926        32,586           544        48,520           993   .483 
    50 weeks or more...........        54        49        37        39        20       530        36,594           882        51,984         1,271   .460 
    27 to 49 weeks.............        16        10        14         4        18       217        32,015         1,007        49,224         2,394   .475 
    26 weeks or less...........        20        20        11        14        13       179        26,079         1,117        40,964         1,982   .533 
Did not work...................        98        77        82        85        57     1,259        20,627           211        31,628           353   .495 
                                                                                                                                                           
EDUCATIONAL ATTAINMENT                                                                                                                                     
 OF HOUSEHOLDER                                                                                                                                            
                                                                                                                                                           
 Total, 25 yrs & over..........       886       957       742       856       695    12,677        42,038           198        56,237           300   .442 
Less than 9th grade............        11        13        12         7         8       102        17,261           333        24,423           479   .443 
9th to 12th grade, no diploma..        26        17         8        16        30       150        21,737           382        28,779           536   .434 
High School graduate                                                                                                                                       
(includes equivalency).........       209       213       202       211       132     1,784        35,744           289        44,246           349   .408 
Some college, no degree........       193       170       151       175       151     1,898        44,149           514        54,527           593   .396 
Associate Degree...............        86        88        60        72        62       962        49,279           793        58,472           907   .380 
Bachelor's Degree or more......       359       455       310       375       312     7,780        69,804           541        88,184           816   .369 
  Bachelor's Degree............       230       311       193       237       184     4,230        64,406           774        79,332           859   .375 
  Master's Degree..............        95        94        90        97        79     2,053        74,476         1,357        92,126         1,688   .351 
  Professional Degree..........        17        24        17        15        14       857       100,000        31,944       136,416         5,485   .184 
  Doctorate Degree.............        19        26         9        25        35       640        97,325         2,683       123,042         4,579   .262 
                                                                                                                                                           
TENURE                                                                                                                                                     
                                                                                                                                                           
Owner occupied.................       775       791       676       768       624    11,347        50,059           272        64,083           383   .415 
Renter occupied................       119       185        76        94        76     1,432        26,886           210        36,136           345   .451 
Occupier paid no cash                                                                                                                                      
rent...........................         9         4         3         4         2        52        23,084         1,087        31,201         1,406   .470 
HINC-01. Selected Characteristics of Households, by Total Money Income in 1999 .                                                                               9
(Source:  Current Population Survey.  Numbers in thousands.  Households as of March of the following year)

                               Gini ratio                                                
                                 Standard                Income per household member     
                                    error    B-Cell  Value (Dol.)  Standard error (Dol.) 
                                                                                         
All Races                                                                                
All Households................      .0037     2,241        20,965                    124 
                                                                                         
 TYPE OF RESIDENCE                                                                       
                                                                                         
Inside metro areas.............     .0041     2,241        21,996                    140 
  Inside central cities........     .0069     2,241        19,916                    242 
    One million or more........     .0087     2,241        20,272                    319 
    Under one million..........     .0114     2,241        19,267                    378 
  Outside central cities.......     .0052     2,241        23,175                    182 
    One million or more........     .0062     2,241        24,529                    238 
    Under one million..........     .0093     2,241        20,175                    294 
Outside metro areas............     .0102     3,362        16,590                    266 
                                                                                         
REGIONS/DIVISIONS                                                                        
                                                                                         
Northeast......................     .0079     1,905        23,003                    320 
 New England...................     .0150     1,905        24,050                    632 
 Middle Atlantic...............     .0093     1,905        22,631                    376 
Midwest........................     .0077     2,308        20,998                    250 
 East North Central............     .0092     2,308        21,239                    310 
 West North Central............     .0138     2,308        20,418                    439 
South..........................     .0065     2,420        19,733                    202 
 South Atlantic................     .0090     2,420        20,958                    306 
 East South Central............     .0158     2,420        18,241                    482 
 West South Central............     .0118     2,420        18,561                    346 
West...........................     .0083     2,443        21,124                    297 
 Mountain......................     .0157     2,443        19,519                    515 
 Pacific.......................     .0098     2,443        21,754                    365 
                                                                                         
TYPE OF HOUSEHOLD                                                                        
                                                                                         
Family households..............     .0044     2,241        19,626                    128 
 Married-couple families.......     .0050     2,241        21,807                    156 
 Male householder, nsp.........     .0191     2,241        16,974                    474 
 Female householder, nsp.......     .0104     2,241        10,680                    178 
Nonfamily households...........     .0073     2,241        28,615                    404 
 Male householder..............     .0108     2,241        32,300                    704 
   Living alone................     .0130     2,241        37,709                  1,063 
 Female householder............     .0096     2,241        25,180                    439 
   Living alone................     .0106     2,241        25,341                    508 
                                                                                         
AGE OF HOUSEHOLDER                                                                       
                                                                                         
Under 65 years.................     .0041     2,241        21,174                    131 
  15 to 24 years...............     .0158     2,241        12,430                    304 
  25 to 34 years...............     .0087     2,241        18,025                    240 
  35 to 44 years...............     .0076     2,241        19,254                    225 
  45 to 54 years...............     .0080     2,241        25,604                    329 
  55 to 64 years...............     .0103     2,241        27,446                    501 
65 years and over..............     .0093     2,241        19,679                    308 
  65 to 74 years...............     .0125     2,241        21,245                    464 
  75 years and over............     .0138     2,241        17,640                    381 
                                                                                         
Mean age of householder........       (X)       1.0           (X)                    (X) 
HINC-01. Selected Characteristics of Households, by Total Money Income in 1999 .                                                                              10
(Source:  Current Population Survey.  Numbers in thousands.  Households as of March of the following year)

                               Gini ratio                                                
                                 Standard                Income per household member     
                                    error    B-Cell  Value (Dol.)  Standard error (Dol.) 
                                                                                         
SIZE OF HOUSEHOLD                                                                        
                                                                                         
One person.....................     .0084     2,241        30,516                    527 
Two people.....................     .0065     2,241        28,309                    294 
Three people...................     .0089     2,241        20,423                    282 
Four people....................     .0094     2,241        17,847                    249 
Five people....................     .0140     2,241        13,553                    292 
Six people.....................     .0244     2,241        11,476                    466 
Seven people or more...........     .0311     2,241         8,181                    392 
                                                                                         
Mean size of household.........       (X)      1.00           (X)                    (X) 
                                                                                         
NUMBER OF EARNERS                                                                        
                                                                                         
No earners.....................     .0096     2,241        13,838                    208 
One earner.....................     .0069     2,241        20,584                    237 
Two earners or more............     .0053     2,241        22,607                    164 
  2 earners....................     .0061     2,241        23,651                    206 
  3 earners....................     .0131     2,241        20,741                    357 
  4 earners or more............     .0215     2,241        18,597                    508 
                                                                                         
Mean number of earners.........       (X)      1.00           (X)                    (X) 
                                                                                         
WORK EXPERIENCE OF                                                                       
HOUSEHOLDER                                                                              
                                                                                         
     Total.....................     .0037     2,241        20,965                    124 
Worked.........................     .0043     2,241        22,808                    145 
  Worked at f-t jobs...........     .0046     2,241        23,431                    156 
    50 weeks or more...........     .0050     2,241        24,438                    173 
    27 to 49 weeks.............     .0156     2,241        20,102                    536 
    26 weeks or less...........     .0220     2,241        13,140                    514 
  Worked at p-t jobs...........     .0128     2,241        18,411                    429 
    50 weeks or more...........     .0174     2,241        19,863                    579 
    27 to 49 weeks.............     .0274     2,241        18,457                  1,005 
    26 weeks or less...........     .0265     2,241        15,487                    827 
Did not work...................     .0078     2,241        14,806                    191 
                                                                                         
EDUCATIONAL ATTAINMENT                                                                   
 OF HOUSEHOLDER                                                                          
                                                                                         
 Total, 25 yrs & over..........     .0038     2,241        21,451                    127 
Less than 9th grade............     .0151     2,241         9,262                    222 
9th to 12th grade, no diploma..     .0128     2,241        10,771                    237 
High School graduate                                                                     
(includes equivalency).........     .0066     2,241        17,053                    166 
Some college, no degree........     .0088     2,241        20,651                    279 
Associate Degree...............     .0130     2,241        21,403                    428 
Bachelor's Degree or more......     .0070     2,241        34,084                    383 
  Bachelor's Degree............     .0088     2,241        30,409                    414 
  Master's Degree..............     .0142     2,241        36,349                    847 
  Professional Degree..........     .0246     2,241        53,635                  2,650 
  Doctorate Degree.............     .0290     2,241        47,045                  2,293 
                                                                                         
TENURE                                                                                   
                                                                                         
Owner occupied.................     .0045     2,241        23,538                    157 
Renter occupied................     .0069     2,241        15,060                    167 
Occupier paid no cash                                                                    
rent...........................     .0299     2,241        13,252                    715


Source: U.S. Census Bureau
Contact: Housing and Household Economic Statistics Information Staff at (301)763-3242
Last revised: July 14, 2004