Table HINC-07. Income Distribution to $250,000 or More for Households:  2000                                                         09:54 Thursday, December 13, 2001 426
(Source:  Current Population Survey.  Based on a November 2001 weighting correction.  Numbers in thousands.   Households as of March of the following year.)

                                      All Races                 White                   Black              Hispanic Origin       Non-Hispanic White   
                                                 Mean                    Mean                    Mean                    Mean                    Mean 
                                   Number      Income      Number      Income      Number      Income      Number      Income      Number      Income 
                                                                                                                                                      
    Income of Household                                                                                                                               
    Total ...................     106,418      57,047      88,543      59,280      13,355      40,067       9,663      42,411      79,375      61,240 
  Under $2,500...............       1,841         337       1,278         207         450         690         190         334       1,108         193 
  $2,500 to $4,999...........       1,224       3,757         787       3,750         365       3,760         130       3,718         668       3,762 
  $5,000 to $7,499...........       3,066       6,378       2,231       6,381         744       6,366         330       6,368       1,927       6,382 
  $7,500 to $9,999...........       3,409       8,698       2,654       8,717         650       8,659         372       8,573       2,302       8,742 
  $10,000 to $12,499.........       3,833      11,160       3,074      11,165         610      11,132         413      11,129       2,680      11,169 
  $12,500 to $14,999.........       3,579      13,689       2,793      13,691         653      13,680         386      13,693       2,435      13,691 
  $15,000 to $17,499.........       3,753      16,106       2,937      16,141         639      15,994         498      16,057       2,456      16,159 
  $17,500 to $19,999.........       3,360      18,635       2,732      18,647         526      18,577         410      18,576       2,340      18,660 
  $20,000 to $22,499.........       3,906      21,112       3,135      21,100         621      21,179         475      20,957       2,682      21,125 
  $22,500 to $24,999.........       3,251      23,733       2,718      23,746         413      23,684         382      23,712       2,346      23,751 
  $25,000 to $27,499.........       3,789      26,066       3,149      26,089         506      25,957         433      26,025       2,727      26,101 
  $27,500 to $29,999.........       3,107      28,697       2,602      28,690         414      28,735         312      28,679       2,305      28,691 
  $30,000 to $32,499.........       3,787      31,034       3,148      31,040         493      31,019         393      31,015       2,778      31,044 
  $32,500 to $34,999.........       2,632      33,649       2,220      33,646         314      33,679         284      33,625       1,961      33,647 
  $35,000 to $37,499.........       3,376      36,053       2,767      36,086         476      35,912         399      36,084       2,383      36,085 
  $37,500 to $39,999.........       2,633      38,641       2,126      38,641         418      38,631         276      38,696       1,861      38,633 
  $40,000 to $42,499.........       3,097      41,050       2,519      41,056         450      41,039         320      41,034       2,217      41,061 
  $42,500 to $44,999.........       2,415      43,684       2,021      43,718         294      43,579         253      43,603       1,785      43,731 
  $45,000 to $47,499.........       2,727      46,053       2,247      46,062         366      46,054         256      45,966       2,002      46,075 
  $47,500 to $49,999.........       2,222      48,656       1,915      48,653         239      48,672         203      48,560       1,720      48,663 
  $50,000 to $52,499.........       3,008      51,043       2,503      51,045         381      51,046         297      51,019       2,224      51,051 
  $52,500 to $54,999.........       1,981      53,682       1,743      53,663         172      53,848         172      53,732       1,579      53,657 
  $55,000 to $57,499.........       2,355      56,088       1,963      56,075         277      56,145         198      56,034       1,776      56,084 
  $57,500 to $59,999.........       1,707      58,638       1,459      58,642         191      58,612         157      58,599       1,309      58,645 
  $60,000 to $62,499.........       2,542      61,027       2,172      61,021         231      61,073         236      60,930       1,947      61,028 
  $62,500 to $64,999.........       1,734      63,710       1,504      63,729         159      63,631         123      63,674       1,387      63,734 
  $65,000 to $67,499.........       1,784      66,062       1,516      66,052         184      66,206         126      65,847       1,397      66,072 
  $67,500 to $69,999.........       1,723      68,641       1,470      68,633         172      68,693         132      68,659       1,346      68,632 
  $70,000 to $72,499.........       1,950      71,115       1,677      71,120         161      71,091         140      71,112       1,541      71,119 
  $72,500 to $74,999.........       1,316      73,644       1,185      73,644         100      73,615         101      73,635       1,094      73,642 
  $75,000 to $77,499.........       1,762      76,058       1,546      76,035         152      76,301         146      75,959       1,403      76,043 
  $77,500 to $79,999.........       1,156      78,645       1,007      78,661         117      78,556          62      78,635         950      78,664 
  $80,000 to $82,499.........       1,409      81,009       1,231      81,003          96      81,282         110      80,985       1,123      81,004 
  $82,500 to $84,999.........       1,137      83,592       1,018      83,604          85      83,448          80      83,517         940      83,610 
  $85,000 to $87,499.........       1,222      86,066       1,059      86,066         111      86,006          75      86,043         990      86,072 
  $87,500 to $89,999.........         891      88,693         806      88,701          50      88,438          49      88,295         761      88,727 
  $90,000 to $92,499.........       1,158      91,051       1,010      91,036          87      91,264          72      91,015         941      91,037 
  $92,500 to $94,999.........         790      93,665         715      93,659          43      93,608          51      93,470         669      93,669 
  $95,000 to $97,499.........         850      96,075         748      96,067          71      96,151          33      95,906         717      96,076 
  $97,500 to $99,999.........         675      98,639         572      98,612          56      98,864          32      98,605         540      98,613 
  $100,000 to $149,999.......       9,284     118,735       8,110     118,830         623     117,060         381     116,850       7,752     118,895 
  $150,000 to $199,999.......       2,622     169,366       2,338     169,529         116     170,099          99     167,516       2,242     169,602 
  $200,000 to $249,999.......       1,051     218,910         941     219,201          34     220,784          30     216,644         912     219,296 
  $250,000 and above.........       1,305     464,536       1,194     465,786          43     556,965          46     378,087       1,154     469,033


Source: U.S. Census Bureau
Contact: (
hhes-info@census.gov
) Housing and Household Economics Statistics Information Staff
Last revised: December 10, 2001