HINC-01. Selected Characteristics of Households, by Total Money Income in 2000                                             09:54 Thursday, December 13, 2001   1
(Source:  Current Population Survey.  Based on a November 2001 weighting correction.  Numbers in thousands.  Households as of March of the following year)

                                                       $2,500    $5,000    $7,500   $10,000   $12,500   $15,000   $17,500   $20,000   $22,500   $25,000 
                                              Under        to        to        to        to        to        to        to        to        to        to 
                                    Total    $2,500    $4,999    $7,499    $9,999   $12,499   $14,999   $17,499   $19,999   $22,499   $24,999   $27,499 
                                                                                                                                                        
All Races                                                                                                                                               
All Households................    106,418     1,841     1,224     3,066     3,409     3,833     3,579     3,753     3,360     3,906     3,251     3,789 
                                                                                                                                                        
 TYPE OF RESIDENCE                                                                                                                                      
                                                                                                                                                        
Inside metro areas.............    85,737     1,447       967     2,156     2,507     2,885     2,658     2,866     2,495     2,957     2,504     2,914 
  Inside central cities........    32,018       807       527     1,169     1,292     1,257     1,227     1,286     1,080     1,271     1,048     1,205 
    One million or more........    20,325       546       300       741       811       721       765       818       661       767       623       736 
    Under one million..........    11,693       261       227       428       481       535       462       467       419       504       425       469 
  Outside central cities.......    53,719       640       440       987     1,215     1,629     1,431     1,580     1,415     1,686     1,456     1,709 
    One million or more........    37,005       432       272       536       754     1,043       909     1,016       888     1,018       927     1,151 
    Under one million..........    16,714       207       168       451       462       586       522       564       527       667       529       558 
Outside metro areas............    20,681       394       256       910       902       947       922       887       865       949       747       875 
                                                                                                                                                        
REGIONS/DIVISIONS                                                                                                                                       
                                                                                                                                                        
Northeast......................    20,212       403       227       592       709       709       718       670       564       664       562       693 
 New England...................     5,390        85        32       151       182       197       163       191       136       166       164       182 
 Middle Atlantic...............    14,822       319       195       441       528       512       554       480       428       498       398       511 
Midwest........................    24,496       365       283       632       697       825       754       819       731       866       806       798 
 East North Central............    17,096       257       206       469       527       594       532       603       474       590       541       532 
 West North Central............     7,400       108        77       163       170       231       221       216       257       276       265       265 
South..........................    38,526       710       494     1,393     1,342     1,557     1,405     1,526     1,275     1,558     1,181     1,420 
 South Atlantic................    20,093       353       205       614       601       769       704       698       630       780       583       710 
 East South Central............     6,730       104       120       379       320       268       276       291       271       268       181       283 
 West South Central............    11,703       254       170       401       420       520       426       537       374       511       418       426 
West...........................    23,185       363       220       449       660       741       703       737       789       818       701       879 
 Mountain......................     6,660       103        52       165       185       221       214       215       262       257       204       234 
 Pacific.......................    16,525       260       169       284       475       520       489       522       527       560       497       645 
                                                                                                                                                        
TYPE OF HOUSEHOLD                                                                                                                                       
                                                                                                                                                        
Family households..............    72,380       817       525       895     1,020     1,446     1,652     2,054     1,857     2,219     1,978     2,294 
 Married-couple families.......    55,603       440       141       324       421       686       925     1,159     1,132     1,299     1,322     1,552 
 Male householder, nsp.........     4,252        38        52       100        77       100       117       127       117       199       152       146 
 Female householder, nsp.......    12,525       339       332       472       522       659       610       767       607       721       505       596 
Nonfamily households...........    34,039     1,023       699     2,171     2,389     2,387     1,928     1,699     1,503     1,687     1,272     1,495 
 Male householder..............    15,218       444       224       680       725       734       670       640       640       692       558       738 
   Living alone................    11,536       403       188       620       685       679       615       554       554       580       471       610 
 Female householder............    18,821       580       474     1,491     1,664     1,653     1,258     1,059       862       994       714       757 
   Living alone................    16,283       562       448     1,470     1,627     1,601     1,215     1,006       802       923       640       647 
                                                                                                                                                        
AGE OF HOUSEHOLDER                                                                                                                                      
                                                                                                                                                        
Under 65 years.................    84,591     1,538       940     1,870     1,691     2,021     2,009     2,374     2,083     2,764     2,174     2,810 
  15 to 24 years...............     6,393       219       222       233       248       304       280       324       338       378       279       348 
  25 to 34 years...............    18,554       349       207       352       315       492       384       566       476       717       545       735 
  35 to 44 years...............    23,904       318       157       379       367       466       475       597       492       688       530       729 
  45 to 54 years...............    21,797       350       161       363       383       388       438       468       416       540       414       538 
  55 to 64 years...............    13,944       302       193       543       378       372       433       419       361       441       406       460 
65 years and over..............    21,827       303       283     1,196     1,717     1,812     1,570     1,379     1,276     1,142     1,076       980 
  65 to 74 years...............    11,211       138        85       517       696       700       620       575       585       508       538       523 
  75 years and over............    10,616       164       199       679     1,022     1,111       950       803       691       634       538       457 
                                                                                                                                                        
Mean age of householder........      48.6      46.4      48.1      56.2      59.6      57.6      57.0      53.5      53.4      50.1      52.0      48.8 
HINC-01. Selected Characteristics of Households, by Total Money Income in 2000                                             09:54 Thursday, December 13, 2001   2
(Source:  Current Population Survey.  Based on a November 2001 weighting correction.  Numbers in thousands.  Households as of March of the following year)

                                                       $2,500    $5,000    $7,500   $10,000   $12,500   $15,000   $17,500   $20,000   $22,500   $25,000 
                                              Under        to        to        to        to        to        to        to        to        to        to 
                                    Total    $2,500    $4,999    $7,499    $9,999   $12,499   $14,999   $17,499   $19,999   $22,499   $24,999   $27,499 
                                                                                                                                                        
SIZE OF HOUSEHOLD                                                                                                                                       
                                                                                                                                                        
One person.....................    27,820       965       636     2,091     2,311     2,280     1,830     1,559     1,356     1,502     1,111     1,257 
Two people.....................    35,388       460       298       500       580       819     1,059     1,225     1,123     1,335     1,236     1,419 
Three people...................    17,259       172       171       250       267       345       325       423       360       493       385       445 
Four people....................    15,430       140        74       131       138       205       216       293       317       350       249       375 
Five people....................     6,686        48        24        63        73       100       118       135       114       147       146       162 
Six people.....................     2,396        32         9        20        22        53        19        78        62        36        87        81 
Seven people or more...........     1,439        25        12        12        17        29        13        37        29        42        38        49 
                                                                                                                                                        
Mean size of household.........      2.60      1.96      1.91      1.61      1.61      1.81      1.87      2.12      2.15      2.15      2.27      2.30 
                                                                                                                                                        
NUMBER OF EARNERS                                                                                                                                       
                                                                                                                                                        
No earners.....................    21,161     1,320       683     2,177     2,370     2,106     1,827     1,430     1,264     1,120       992       832 
One earner.....................    37,467       469       471       787       890     1,508     1,446     1,892     1,588     2,054     1,542     2,024 
Two earners or more............    47,791        52        69       102       149       218       307       430       508       732       716       933 
  2 earners....................    37,600        52        65        97       131       201       278       403       455       665       648       859 
  3 earners....................     7,570         0         4         5        18        18        29        27        51        61        65        64 
  4 earners or more............     2,620         0         0         0         0         0         0         0         3         7         3         9 
                                                                                                                                                        
Mean number of earners.........      1.41      0.31      0.51      0.33      0.36      0.52      0.59      0.75      0.80      0.93      0.96      1.06 
                                                                                                                                                        
WORK EXPERIENCE OF                                                                                                                                      
HOUSEHOLDER                                                                                                                                             
                                                                                                                                                        
     Total.....................   106,418     1,841     1,224     3,066     3,409     3,833     3,579     3,753     3,360     3,906     3,251     3,789 
Worked.........................    76,040       450       476       759       906     1,508     1,503     1,959     1,804     2,405     1,938     2,553 
  Worked at f-t jobs...........    66,002       241       239       432       562     1,028     1,065     1,543     1,431     2,058     1,594     2,180 
    50 weeks or more...........    56,479       144        82       161       228       644       717     1,119     1,093     1,603     1,257     1,759 
    27 to 49 weeks.............     6,234        23        32        72       170       227       199       230       209       266       211       279 
    26 weeks or less...........     3,289        74       126       198       164       157       149       193       129       189       125       142 
  Worked at p-t jobs...........    10,038       209       237       328       345       480       438       416       373       347       344       374 
    50 weeks or more...........     5,338        24        57       130       139       232       244       202       193       171       206       199 
    27 to 49 weeks.............     2,104        17        54        75        65       123       110       102        90        78        57        66 
    26 weeks or less...........     2,596       168       126       122       141       125        84       112        90        98        81       108 
Did not work...................    30,379     1,391       747     2,307     2,502     2,324     2,076     1,794     1,556     1,500     1,313     1,236 
                                                                                                                                                        
EDUCATIONAL ATTAINMENT                                                                                                                                  
 OF HOUSEHOLDER                                                                                                                                         
                                                                                                                                                        
 Total, 25 yrs & over..........   100,026     1,622     1,001     2,833     3,161     3,529     3,300     3,428     3,022     3,528     2,972     3,441 
Less than 9th grade............     6,753       166       191       686       731       604       520       471       320       370       273       268 
9th to 12th grade, no diploma..     9,111       291       182       647       625       654       624       533       510       445       443       403 
High School graduate                                                                                                                                    
(includes equivalency).........    30,785       489       387       883     1,051     1,272     1,165     1,392     1,104     1,285     1,121     1,278 
Some college, no degree........    18,165       245       122       325       405       510       547       511       541       730       498       701 
Associate Degree...............     8,214       113        30        97       142       168       179       183       190       225       248       307 
Bachelor's Degree or more......    26,997       317        89       196       206       321       264       338       357       473       389       484 
  Bachelor's Degree............    17,521       229        54       139       146       236       202       255       246       360       271       375 
  Master's Degree..............     6,435        58        23        38        48        57        41        55        76        79        95        94 
  Professional Degree..........     1,641        12         8        13         6        19        13        17        21        19        12         4 
  Doctorate Degree.............     1,400        17         4         6         7        10         7        11        15        15        11        11 
                                                                                                                                                        
TENURE                                                                                                                                                  
                                                                                                                                                        
Owner occupied.................    72,048       803       474     1,242     1,534     1,939     1,909     1,966     1,875     2,142     1,911     2,088 
Renter occupied................    32,748       957       701     1,727     1,788     1,759     1,600     1,675     1,415     1,661     1,249     1,637 
Occupier paid no cash                                                                                                                                   
rent...........................     1,622        80        48        97        86       134        70       112        70       103        91        64 
HINC-01. Selected Characteristics of Households, by Total Money Income in 2000                                             09:54 Thursday, December 13, 2001   3
(Source:  Current Population Survey.  Based on a November 2001 weighting correction.  Numbers in thousands.  Households as of March of the following year)

                                  $27,500   $30,000   $32,500   $35,000   $37,500   $40,000   $42,500   $45,000   $47,500   $50,000   $52,500   $55,000 
                                       to        to        to        to        to        to        to        to        to        to        to        to 
                                  $29,999   $32,499   $34,999   $37,499   $39,999   $42,499   $44,999   $47,499   $49,999   $52,499   $54,999   $57,499 
                                                                                                                                                        
All Races                                                                                                                                               
All Households................      3,107     3,787     2,632     3,376     2,633     3,097     2,415     2,727     2,222     3,008     1,981     2,355 
                                                                                                                                                        
 TYPE OF RESIDENCE                                                                                                                                      
                                                                                                                                                        
Inside metro areas.............     2,344     2,953     1,974     2,775     2,164     2,424     1,890     2,163     1,731     2,397     1,575     1,963 
  Inside central cities........       980     1,210       782     1,095       785       891       701       805       659       861       507       697 
    One million or more........       635       660       467       728       496       576       447       479       421       590       274       463 
    Under one million..........       346       550       315       367       288       315       254       326       238       272       233       234 
  Outside central cities.......     1,364     1,743     1,192     1,680     1,379     1,533     1,189     1,358     1,073     1,535     1,068     1,266 
    One million or more........       896     1,144       775     1,095       817     1,040       777       928       735     1,027       679       878 
    Under one million..........       467       598       417       584       562       493       412       429       338       508       389       388 
Outside metro areas............       763       834       658       602       469       673       525       564       490       612       406       392 
                                                                                                                                                        
REGIONS/DIVISIONS                                                                                                                                       
                                                                                                                                                        
Northeast......................       518       600       504       584       515       495       356       508       387       561       365       486 
 New England...................       149       167       131       130       154       148        80       126       118       135       109       130 
 Middle Atlantic...............       369       433       373       453       361       347       275       382       269       427       256       355 
Midwest........................       709       844       675       734       526       675       593       641       586       703       498       559 
 East North Central............       515       576       476       481       373       449       412       408       409       467       346       386 
 West North Central............       194       268       199       253       153       226       182       232       177       235       151       173 
South..........................     1,204     1,547       929     1,351     1,023     1,201       877     1,002       759     1,105       707       790 
 South Atlantic................       574       836       469       721       526       603       512       553       386       594       397       414 
 East South Central............       223       273       164       198       188       202       132       168       143       209       131       111 
 West South Central............       408       438       296       432       309       396       232       281       230       302       179       265 
West...........................       675       796       525       708       569       727       589       576       490       639       412       520 
 Mountain......................       197       220       171       210       172       232       204       202       155       215       126       133 
 Pacific.......................       477       576       354       497       396       495       385       375       334       424       286       387 
                                                                                                                                                        
TYPE OF HOUSEHOLD                                                                                                                                       
                                                                                                                                                        
Family households..............     2,016     2,403     1,824     2,192     1,866     2,185     1,774     1,982     1,703     2,122     1,545     1,783 
 Married-couple families.......     1,338     1,702     1,327     1,592     1,331     1,600     1,354     1,545     1,328     1,715     1,235     1,469 
 Male householder, nsp.........       149       177        98       178       140       186        87       134       112       147        99        99 
 Female householder, nsp.......       530       524       399       422       396       400       333       303       263       261       210       215 
Nonfamily households...........     1,090     1,384       808     1,185       767       912       641       745       518       886       436       571 
 Male householder..............       497       722       376       601       331       439       325       413       294       526       251       312 
   Living alone................       358       598       298       486       224       325       238       295       194       386       143       185 
 Female householder............       593       662       432       584       436       473       317       333       225       360       185       260 
   Living alone................       518       578       389       507       340       391       227       271       155       268       125       149 
                                                                                                                                                        
AGE OF HOUSEHOLDER                                                                                                                                      
                                                                                                                                                        
Under 65 years.................     2,217     2,956     2,008     2,792     2,086     2,635     2,015     2,354     1,886     2,689     1,710     2,077 
  15 to 24 years...............       278       281       219       244       203       196       132       144       126       155       106       126 
  25 to 34 years...............       608       733       500       773       550       660       398       610       446       732       391       536 
  35 to 44 years...............       527       787       571       764       573       755       591       702       563       764       525       622 
  45 to 54 years...............       427       701       414       574       456       641       489       571       441       646       443       538 
  55 to 64 years...............       377       454       304       436       305       383       406       327       310       392       243       255 
65 years and over..............       890       831       624       585       547       463       400       374       335       320       271       278 
  65 to 74 years...............       464       529       347       349       303       294       259       241       228       193       192       186 
  75 years and over............       426       302       277       236       244       169       141       133       108       127        79        92 
                                                                                                                                                        
Mean age of householder........      49.9      47.9      48.2      45.9      47.3      45.7      47.8      45.5      46.2      44.4      45.8      44.6 
HINC-01. Selected Characteristics of Households, by Total Money Income in 2000                                             09:54 Thursday, December 13, 2001   4
(Source:  Current Population Survey.  Based on a November 2001 weighting correction.  Numbers in thousands.  Households as of March of the following year)

                                  $27,500   $30,000   $32,500   $35,000   $37,500   $40,000   $42,500   $45,000   $47,500   $50,000   $52,500   $55,000 
                                       to        to        to        to        to        to        to        to        to        to        to        to 
                                  $29,999   $32,499   $34,999   $37,499   $39,999   $42,499   $44,999   $47,499   $49,999   $52,499   $54,999   $57,499 
                                                                                                                                                        
SIZE OF HOUSEHOLD                                                                                                                                       
                                                                                                                                                        
One person.....................       876     1,176       687       993       563       716       465       566       349       655       268       334 
Two people.....................     1,265     1,385       998     1,110     1,050     1,109       889       928       867     1,050       738       891 
Three people...................       414       518       386       557       395       514       437       551       432       518       398       423 
Four people....................       326       403       301       421       354       447       370       365       314       471       344       433 
Five people....................       152       199       185       192       165       181       146       201       162       197       139       149 
Six people.....................        45        63        50        54        71        84        70        73        68        74        51        87 
Seven people or more...........        28        44        26        50        33        45        38        44        29        44        42        38 
                                                                                                                                                        
Mean size of household.........      2.36      2.37      2.50      2.49      2.62      2.63      2.74      2.73      2.79      2.69      2.92      2.90 
                                                                                                                                                        
NUMBER OF EARNERS                                                                                                                                       
                                                                                                                                                        
No earners.....................       660       606       488       395       316       279       248       207       188       169       133       133 
One earner.....................     1,555     2,098     1,133     1,676     1,176     1,438       883     1,168       735     1,241       591       706 
Two earners or more............       891     1,083     1,012     1,305     1,142     1,380     1,284     1,352     1,298     1,599     1,257     1,516 
  2 earners....................       813       982       877     1,175       982     1,214     1,020     1,157     1,073     1,367       991     1,244 
  3 earners....................        71        93       111       111       146       135       223       154       183       176       221       226 
  4 earners or more............         7         8        24        19        13        31        41        41        43        56        45        47 
                                                                                                                                                        
Mean number of earners.........      1.13      1.18      1.28      1.34      1.41      1.44      1.60      1.54      1.66      1.60      1.77      1.77 
                                                                                                                                                        
WORK EXPERIENCE OF                                                                                                                                      
HOUSEHOLDER                                                                                                                                             
                                                                                                                                                        
     Total.....................     3,107     3,787     2,632     3,376     2,633     3,097     2,415     2,727     2,222     3,008     1,981     2,355 
Worked.........................     2,051     2,776     1,859     2,611     2,009     2,449     1,845     2,211     1,786     2,513     1,658     2,003 
  Worked at f-t jobs...........     1,675     2,445     1,636     2,353     1,757     2,158     1,617     1,952     1,584     2,309     1,507     1,814 
    50 weeks or more...........     1,380     2,091     1,394     1,981     1,521     1,865     1,383     1,716     1,334     2,074     1,316     1,600 
    27 to 49 weeks.............       192       252       149       253       159       217       177       166       167       169       114       153 
    26 weeks or less...........       103       102        93       119        76        76        58        70        82        66        77        62 
  Worked at p-t jobs...........       376       331       223       258       253       291       228       259       202       204       150       188 
    50 weeks or more...........       202       154       109       131       144       157       114       160       139       128        77       116 
    27 to 49 weeks.............        60        86        70        63        52        64        60        41        27        38        37        49 
    26 weeks or less...........       115        91        44        65        56        70        55        57        37        38        36        24 
Did not work...................     1,055     1,011       773       765       624       648       570       516       436       496       323       352 
                                                                                                                                                        
EDUCATIONAL ATTAINMENT                                                                                                                                  
 OF HOUSEHOLDER                                                                                                                                         
                                                                                                                                                        
 Total, 25 yrs & over..........     2,829     3,506     2,413     3,132     2,431     2,901     2,283     2,583     2,096     2,854     1,875     2,229 
Less than 9th grade............       215       204       181       166       112       128       117        98        90       125        63        71 
9th to 12th grade, no diploma..       333       322       236       254       243       246       144       155       178       161       106       194 
High School graduate                                                                                                                                    
(includes equivalency).........       947     1,315       921     1,136       909       900       822       927       667       999       659       692 
Some college, no degree........       676       699       478       688       460       613       426       557       427       541       388       431 
Associate Degree...............       252       301       182       274       233       295       232       242       179       251       187       247 
Bachelor's Degree or more......       405       666       415       615       474       719       543       606       556       776       472       594 
  Bachelor's Degree............       302       501       297       444       318       518       378       437       415       533       321       422 
  Master's Degree..............        80       119        86        98       120       148       129       126       117       181       114       121 
  Professional Degree..........        20        32        20        41        18        30        16        23         9        23        16        24 
  Doctorate Degree.............         3        14        12        32        18        24        20        20        15        39        21        26 
                                                                                                                                                        
TENURE                                                                                                                                                  
                                                                                                                                                        
Owner occupied.................     1,922     2,381     1,713     2,071     1,705     2,076     1,724     1,953     1,581     2,085     1,467     1,672 
Renter occupied................     1,112     1,327       870     1,279       886       988       674       750       616       895       505       654 
Occupier paid no cash                                                                                                                                   
rent...........................        72        79        49        27        42        34        17        25        25        28         9        29 
HINC-01. Selected Characteristics of Households, by Total Money Income in 2000                                             09:54 Thursday, December 13, 2001   5
(Source:  Current Population Survey.  Based on a November 2001 weighting correction.  Numbers in thousands.  Households as of March of the following year)

                                  $57,500   $60,000   $62,500   $65,000   $67,500   $70,000   $72,500   $75,000   $77,500   $80,000   $82,500   $85,000 
                                       to        to        to        to        to        to        to        to        to        to        to        to 
                                  $59,999   $62,499   $64,999   $67,499   $69,999   $72,499   $74,999   $77,499   $79,999   $82,499   $84,999   $87,499 
                                                                                                                                                        
All Races                                                                                                                                               
All Households................      1,707     2,542     1,734     1,784     1,723     1,950     1,316     1,762     1,156     1,409     1,137     1,222 
                                                                                                                                                        
 TYPE OF RESIDENCE                                                                                                                                      
                                                                                                                                                        
Inside metro areas.............     1,380     2,123     1,434     1,491     1,442     1,613     1,071     1,490       934     1,219       961     1,044 
  Inside central cities........       449       711       430       500       491       480       295       488       255       377       290       323 
    One million or more........       280       468       247       303       314       330       210       316       171       254       195       220 
    Under one million..........       169       243       183       197       177       150        85       171        84       123        95       102 
  Outside central cities.......       931     1,411     1,004       991       951     1,133       776     1,002       678       842       671       721 
    One million or more........       605       981       652       691       673       781       557       733       458       627       508       527 
    Under one million..........       326       431       352       300       278       351       218       269       221       215       164       194 
Outside metro areas............       327       419       299       293       281       338       245       273       222       190       176       178 
                                                                                                                                                        
REGIONS/DIVISIONS                                                                                                                                       
                                                                                                                                                        
Northeast......................       340       468       351       270       326       390       251       353       270       293       218       193 
 New England...................        75       150       100        84        83       112        68        81        84        66        66        52 
 Middle Atlantic...............       265       318       251       186       243       278       183       272       186       227       153       140 
Midwest........................       446       636       405       475       466       447       378       433       315       311       303       342 
 East North Central............       288       437       271       328       319       303       285       305       222       216       227       249 
 West North Central............       158       198       134       148       147       144        93       128        93        95        76        93 
South..........................       610       836       600       642       560       639       420       545       341       456       365       366 
 South Atlantic................       366       493       343       341       295       372       216       259       196       247       208       192 
 East South Central............        82       138        92       113       109       107        61        97        65        67        62        59 
 West South Central............       162       204       165       189       156       160       144       188        80       142        95       115 
West...........................       311       602       377       396       370       474       268       431       229       350       250       321 
 Mountain......................       131       147       130       143        92       137        76       113        64        87        65        79 
 Pacific.......................       180       455       248       253       278       338       192       319       165       263       185       242 
                                                                                                                                                        
TYPE OF HOUSEHOLD                                                                                                                                       
                                                                                                                                                        
Family households..............     1,399     2,013     1,423     1,430     1,418     1,596     1,116     1,406       976     1,167       985     1,046 
 Married-couple families.......     1,171     1,638     1,166     1,239     1,200     1,448       946     1,209       866     1,019       862       947 
 Male householder, nsp.........        75       145       111        77        73        60        70        64        40        54        50        45 
 Female householder, nsp.......       154       230       145       114       146        88       101       132        69        94        73        54 
Nonfamily households...........       308       528       311       354       305       354       200       356       180       242       152       175 
 Male householder..............       165       328       185       182       155       210       101       213       100       129        84       107 
   Living alone................       102       214       111       109        81       132        44       135        62        88        43        51 
 Female householder............       143       200       126       172       150       144       100       143        80       114        68        68 
   Living alone................        94       130        91       112        79        95        58       105        41        68        44        33 
                                                                                                                                                        
AGE OF HOUSEHOLDER                                                                                                                                      
                                                                                                                                                        
Under 65 years.................     1,544     2,337     1,541     1,627     1,529     1,795     1,188     1,655     1,044     1,295     1,061     1,154 
  15 to 24 years...............        60       130        60        63        91        48        39        52        26        36        43        38 
  25 to 34 years...............       369       583       367       356       311       397       242       312       212       272       177       203 
  35 to 44 years...............       481       764       457       508       460       628       404       540       306       402       353       405 
  45 to 54 years...............       350       555       436       431       461       487       304       518       298       376       344       378 
  55 to 64 years...............       283       304       221       269       206       234       198       233       201       208       144       131 
65 years and over..............       163       204       193       157       194       155       129       107       112       114        76        67 
  65 to 74 years...............       102       136       134        87       137        98        94        75        81        76        55        61 
  75 years and over............        61        68        59        70        57        57        34        33        32        38        20         7 
                                                                                                                                                        
Mean age of householder........      45.4      43.5      45.5      45.1      45.2      44.6      45.4      44.7      46.4      45.5      45.2      44.2 
HINC-01. Selected Characteristics of Households, by Total Money Income in 2000                                             09:54 Thursday, December 13, 2001   6
(Source:  Current Population Survey.  Based on a November 2001 weighting correction.  Numbers in thousands.  Households as of March of the following year)

                                  $57,500   $60,000   $62,500   $65,000   $67,500   $70,000   $72,500   $75,000   $77,500   $80,000   $82,500   $85,000 
                                       to        to        to        to        to        to        to        to        to        to        to        to 
                                  $59,999   $62,499   $64,999   $67,499   $69,999   $72,499   $74,999   $77,499   $79,999   $82,499   $84,999   $87,499 
                                                                                                                                                        
SIZE OF HOUSEHOLD                                                                                                                                       
                                                                                                                                                        
One person.....................       196       344       202       221       160       227       103       240       103       156        87        84 
Two people.....................       623       895       562       636       589       645       445       602       397       436       359       415 
Three people...................       363       514       380       383       394       394       268       357       300       270       246       246 
Four people....................       313       491       357       318       366       408       298       366       240       340       260       317 
Five people....................       123       187       146       157       109       185       158       135        88       148       128       104 
Six people.....................        64        67        50        43        57        65        20        46        22        36        36        40 
Seven people or more...........        24        43        37        25        47        26        25        16         6        23        21        15 
                                                                                                                                                        
Mean size of household.........      2.98      2.93      3.09      2.95      3.10      3.05      3.16      2.93      2.99      3.15      3.22      3.17 
                                                                                                                                                        
NUMBER OF EARNERS                                                                                                                                       
                                                                                                                                                        
No earners.....................        80        90        94        68        90        83        53        49        45        48        38        26 
One earner.....................       466       828       389       485       384       504       305       512       250       316       175       234 
Two earners or more............     1,160     1,624     1,251     1,231     1,249     1,364       958     1,201       861     1,045       924       962 
  2 earners....................       953     1,299       942       984       924     1,084       724       912       640       774       644       714 
  3 earners....................       145       260       242       195       251       213       187       209       163       194       196       167 
  4 earners or more............        63        65        67        52        74        67        47        79        59        78        83        81 
                                                                                                                                                        
Mean number of earners.........      1.83      1.80      1.94      1.87      1.96      1.88      1.94      1.92      2.01      2.00      2.17      2.09 
                                                                                                                                                        
WORK EXPERIENCE OF                                                                                                                                      
HOUSEHOLDER                                                                                                                                             
                                                                                                                                                        
     Total.....................     1,707     2,542     1,734     1,784     1,723     1,950     1,316     1,762     1,156     1,409     1,137     1,222 
Worked.........................     1,478     2,226     1,489     1,566     1,486     1,698     1,161     1,594     1,036     1,269     1,036     1,131 
  Worked at f-t jobs...........     1,309     2,005     1,326     1,432     1,315     1,580     1,051     1,463       945     1,171       940     1,043 
    50 weeks or more...........     1,141     1,822     1,181     1,302     1,182     1,429       943     1,317       864     1,063       850       978 
    27 to 49 weeks.............       124       139        94        97        88       102        86       129        66        84        63        53 
    26 weeks or less...........        44        44        52        33        45        49        22        17        16        23        28        12 
  Worked at p-t jobs...........       170       221       162       134       170       118       111       131        91        99        96        87 
    50 weeks or more...........        99       149        95        71        96        75        64        81        51        65        60        49 
    27 to 49 weeks.............        43        28        29        19        31        17        20        20        23        18        25        18 
    26 weeks or less...........        28        44        39        44        43        26        27        30        17        16        11        20 
Did not work...................       229       316       245       217       237       252       155       168       120       140       100        91 
                                                                                                                                                        
EDUCATIONAL ATTAINMENT                                                                                                                                  
 OF HOUSEHOLDER                                                                                                                                         
                                                                                                                                                        
 Total, 25 yrs & over..........     1,647     2,412     1,674     1,721     1,631     1,902     1,277     1,710     1,130     1,373     1,094     1,183 
Less than 9th grade............        40        69        34        32        29        49        22        41        19        31        18        23 
9th to 12th grade, no diploma..        97       121        86        84        74        66        67        72        42        34        43        33 
High School graduate                                                                                                                                    
(includes equivalency).........       503       703       544       514       497       546       394       428       309       345       302       321 
Some college, no degree........       376       436       362       340       378       404       259       339       228       290       196       221 
Associate Degree...............       192       269       129       165       166       176       116       172       118       159       129       124 
Bachelor's Degree or more......       440       813       519       585       487       662       419       659       414       515       406       462 
  Bachelor's Degree............       308       563       339       412       333       435       286       435       260       293       232       333 
  Master's Degree..............        88       180       128       135       124       170        98       171       120       143       129        85 
  Professional Degree..........        20        25        24        25        12        28        10        27        13        48        20        28 
  Doctorate Degree.............        25        46        28        14        18        29        25        26        20        30        24        16 
                                                                                                                                                        
TENURE                                                                                                                                                  
                                                                                                                                                        
Owner occupied.................     1,290     1,892     1,389     1,389     1,376     1,556     1,086     1,425       989     1,143       958     1,027 
Renter occupied................       395       634       328       380       330       376       219       318       162       260       174       190 
Occupier paid no cash                                                                                                                                   
rent...........................        22        16        17        14        17        18        12        19         5         6         5         5 
HINC-01. Selected Characteristics of Households, by Total Money Income in 2000                                             09:54 Thursday, December 13, 2001   7
(Source:  Current Population Survey.  Based on a November 2001 weighting correction.  Numbers in thousands.  Households as of March of the following year)

                                  $87,500   $90,000   $92,500   $95,000   $97,500  $100,000        Median income                Mean income          Gini  
                                       to        to        to        to        to       and                    Standard                    Standard        
                                  $89,999   $92,499   $94,999   $97,499   $99,999      over  Value (Dol.)  error (Dol.)  Value (Dol.)  error (Dol.)  ratio 
                                                                                                                                                           
All Races                                                                                                                                                  
All Households................        891     1,158       790       850       675    14,262        42,151           197        57,047           319   .447 
                                                                                                                                                           
 TYPE OF RESIDENCE                                                                                                                                         
                                                                                                                                                           
Inside metro areas.............       786       977       666       764       589    13,046        44,986           272        60,292           371   .443 
  Inside central cities........       235       285       179       245       195     3,650        36,984           306        51,590           522   .463 
    One million or more........       153       197       134       160       119     2,530        38,428           537        54,010           710   .468 
    Under one million..........        82        87        45        85        76     1,121        34,655           622        47,385           716   .451 
  Outside central cities.......       550       693       487       519       394     9,396        50,264           287        65,479           501   .428 
    One million or more........       412       517       366       416       285     7,478        53,679           530        70,675           663   .425 
    Under one million..........       139       176       121       103       109     1,919        42,471           536        53,975           641   .418 
Outside metro areas............       106       181       124        86        86     1,216        32,844           484        43,593           679   .436 
                                                                                                                                                           
REGIONS/DIVISIONS                                                                                                                                          
                                                                                                                                                           
Northeast......................       196       208       205       187       121     3,184        45,118           561        60,517           679   .455 
 New England...................        45        62        58        52        40       887        46,729         1,010        61,771         1,325   .444 
 Middle Atlantic...............       150       146       147       135        81     2,297        44,424           737        60,061           790   .460 
Midwest........................       231       286       185       212       169     3,138        44,647           495        56,989           623   .429 
 East North Central............       163       203       127       161       113     2,252        44,629           604        56,663           702   .430 
 West North Central............        69        83        58        51        55       886        44,689           834        57,742         1,275   .427 
South..........................       229       387       234       247       256     4,434        38,402           373        53,007           533   .454 
 South Atlantic................       142       241       145       131       126     2,549        41,138           457        55,798           777   .447 
 East South Central............        23        41        26        27        49       611        34,177           962        48,194         1,262   .466 
 West South Central............        64       105        63        89        81     1,274        36,465           487        50,985           877   .459 
West...........................       235       278       166       204       129     3,506        44,759           508        60,796           796   .443 
 Mountain......................        57        80        42        48        35       783        42,662           745        55,268         1,126   .430 
 Pacific.......................       178       198       124       156        94     2,723        45,892           670        63,024         1,019   .446 
                                                                                                                                                           
TYPE OF HOUSEHOLD                                                                                                                                          
                                                                                                                                                           
Family households..............       771       989       708       734       550    12,499        51,751           237        66,502           405   .408 
 Married-couple families.......       698       879       644       644       502    11,586        59,343           377        74,290           495   .383 
 Male householder, nsp.........        25        37        18        41        26       410        42,143           827        53,960         1,361   .403 
 Female householder, nsp.......        49        72        45        49        23       503        28,126           395        36,188           472   .424 
Nonfamily households...........       120       169        83       116       125     1,763        25,439           231        36,941           463   .482 
 Male householder..............        73       113        55        77        80     1,029        31,269           320        44,108           871   .467 
   Living alone................        36        70        27        37        33       473        26,723           329        37,343           848   .468 
 Female householder............        47        56        27        39        46       734        20,929           258        31,147           442   .481 
   Living alone................        24        24        12        16        21       377        18,163           298        26,061           324   .458 
                                                                                                                                                           
AGE OF HOUSEHOLDER                                                                                                                                         
                                                                                                                                                           
Under 65 years.................       794     1,091       720       793       619    13,106        48,770           289        62,869           380   .424 
  15 to 24 years...............         7        17        12        18        21       248        27,711           505        36,784           946   .443 
  25 to 34 years...............       127       235       123       151       100     1,940        44,477           620        54,905           645   .402 
  35 to 44 years...............       268       344       240       266       174     3,962        53,243           551        67,038           740   .402 
  45 to 54 years...............       257       356       238       247       231     4,730        58,217           777        73,145           827   .402 
  55 to 64 years...............       134       140       106       111        93     2,227        44,993           609        62,216         1,008   .457 
65 years and over..............        97        67        71        57        56     1,156        23,047           257        34,484           431   .472 
  65 to 74 years...............        53        47        53        41        39       770        28,147           427        40,696           716   .465 
  75 years and over............        44        20        18        15        17       386        18,873           279        27,924           443   .457 
                                                                                                                                                           
Mean age of householder........      47.8      44.7      46.2      45.0      46.1      47.1           (X)           (X)           (X)           (X)    (X) 
HINC-01. Selected Characteristics of Households, by Total Money Income in 2000                                             09:54 Thursday, December 13, 2001   8
(Source:  Current Population Survey.  Based on a November 2001 weighting correction.  Numbers in thousands.  Households as of March of the following year)

                                  $87,500   $90,000   $92,500   $95,000   $97,500  $100,000        Median income                Mean income          Gini  
                                       to        to        to        to        to       and                    Standard                    Standard        
                                  $89,999   $92,499   $94,999   $97,499   $99,999      over  Value (Dol.)  error (Dol.)  Value (Dol.)  error (Dol.)  ratio 
                                                                                                                                                           
SIZE OF HOUSEHOLD                                                                                                                                          
                                                                                                                                                           
One person.....................        59        94        39        54        54       850        21,468           208        30,739           403   .471 
Two people.....................       360       395       278       258       270     4,888        44,530           396        59,207           545   .420 
Three people...................       187       239       185       210       129     3,015        54,196           617        67,186           782   .397 
Four people....................       175       268       188       188       143     3,353        61,847           473        76,799         1,036   .380 
Five people....................        84        94        74        96        56     1,417        60,295           954        76,017         1,563   .389 
Six people.....................        14        48        12        31        12       442        54,841         1,456        71,443         2,318   .409 
Seven people or more...........        12        21        14        13        11       296        54,663         1,763        67,023         2,289   .397 
                                                                                                                                                           
Mean size of household.........      3.05      3.19      3.20      3.28      3.06      3.25           (X)           (X)           (X)           (X)    (X) 
                                                                                                                                                           
NUMBER OF EARNERS                                                                                                                                          
                                                                                                                                                           
No earners.....................        32        32        14        21        24       331        15,171           188        21,600           232   .459 
One earner.....................       139       218       112       135       120     2,821        33,399           320        46,585           485   .437 
Two earners or more............       720       908       665       694       532    11,110        66,069           332        80,945           541   .336 
  2 earners....................       535       652       484       471       388     7,727        62,112           279        77,530           624   .345 
  3 earners....................       125       177       142       170        87     2,261        76,263           779        90,043         1,255   .307 
  4 earners or more............        60        78        39        54        56     1,122        91,218         1,230       103,657         1,841   .261 
                                                                                                                                                           
Mean number of earners.........      2.15      2.11      2.18      2.19      2.12      2.15           (X)           (X)           (X)           (X)    (X) 
                                                                                                                                                           
WORK EXPERIENCE OF                                                                                                                                         
HOUSEHOLDER                                                                                                                                                
                                                                                                                                                           
     Total.....................       891     1,158       790       850       675    14,262        42,151           197        57,047           319   .447 
Worked.........................       798     1,046       731       777       596    12,886        52,147           205        67,039           410   .398 
  Worked at f-t jobs...........       709       957       666       700       545    11,667        54,398           319        69,110           446   .385 
    50 weeks or more...........       661       885       609       651       481    10,659        57,149           278        72,308           498   .372 
    27 to 49 weeks.............        40        63        48        42        54       775        42,234           729        54,981           966   .408 
    26 weeks or less...........         8         8         9         7        10       233        27,465           892        40,978         1,555   .487 
  Worked at p-t jobs...........        89        90        64        77        52     1,219        36,898           727        53,420         1,005   .478 
    50 weeks or more...........        46        45        33        49        30       750        42,088           955        60,648         1,609   .462 
    27 to 49 weeks.............        20        23        23        12         9       241        34,877         1,286        49,381         1,622   .466 
    26 weeks or less...........        23        21         9        15        12       228        28,435           828        41,832         1,486   .506 
Did not work...................        94       112        60        73        79     1,376        20,821           217        32,036           364   .500 
                                                                                                                                                           
EDUCATIONAL ATTAINMENT                                                                                                                                     
 OF HOUSEHOLDER                                                                                                                                            
                                                                                                                                                           
 Total, 25 yrs & over..........       884     1,141       778       832       654    14,014        43,556           259        58,342           333   .444 
Less than 9th grade............         3        28         4        18        10       112        17,557           413        25,940           545   .458 
9th to 12th grade, no diploma..        24        36        32        20        11       242        22,753           403        32,011           751   .461 
High School graduate                                                                                                                                       
(includes equivalency).........       262       276       200       153       141     2,028        36,722           289        45,372           363   .405 
Some college, no degree........       150       229       142       152       120     2,022        44,449           587        55,984           688   .406 
Associate Degree...............       106       106        95       100        40     1,098        50,356           741        60,287           958   .384 
Bachelor's Degree or more......       338       466       306       390       332     8,512        71,437           465        91,118           908   .367 
  Bachelor's Degree............       207       288       195       250       205     4,748        65,922           602        84,032         1,042   .377 
  Master's Degree..............       100       126        78       114        70     2,273        77,935         1,131        96,722         2,072   .353 
  Professional Degree..........        19        29        12        14        24       850       100,000          (NA)       125,387         4,376   .292 
  Doctorate Degree.............        13        22        21        12        33       642        93,361         3,756       113,866         3,908   .289 
                                                                                                                                                           
TENURE                                                                                                                                                     
                                                                                                                                                           
Owner occupied.................       755       939       682       719       563    12,635        51,215           241        66,462           432   .420 
Renter occupied................       130       213       106       130       111     1,569        27,959           304        37,540           352   .447 
Occupier paid no cash                                                                                                                                      
rent...........................         6         6         3         1         2        58        22,798           798        32,692         1,565   .480 
HINC-01. Selected Characteristics of Households, by Total Money Income in 2000                                             09:54 Thursday, December 13, 2001   9
(Source:  Current Population Survey.  Based on a November 2001 weighting correction.  Numbers in thousands.  Households as of March of the following year)

                               Gini ratio                                                
                                 Standard                Income per household member     
                                    error    B-Cell  Value (Dol.)  Standard error (Dol.) 
                                                                                         
All Races                                                                                
All Households................      .0037     2,241        21,972                    140 
                                                                                         
 TYPE OF RESIDENCE                                                                       
                                                                                         
Inside metro areas.............     .0041     2,241        23,010                    155 
  Inside central cities........     .0068     2,241        20,575                    239 
    One million or more........     .0086     2,241        21,312                    323 
    Under one million..........     .0112     2,241        19,256                    354 
  Outside central cities.......     .0051     2,241        24,364                    209 
    One million or more........     .0061     2,241        26,016                    278 
    Under one million..........     .0091     2,241        20,578                    299 
Outside metro areas............     .0104     3,362        17,455                    316 
                                                                                         
REGIONS/DIVISIONS                                                                        
                                                                                         
Northeast......................     .0077     1,905        23,380                    309 
 New England...................     .0148     1,905        24,413                    632 
 Middle Atlantic...............     .0090     1,905        23,016                    358 
Midwest........................     .0077     2,308        21,933                    283 
 East North Central............     .0091     2,308        21,540                    323 
 West North Central............     .0144     2,308        22,880                    592 
South..........................     .0065     2,420        21,076                    239 
 South Atlantic................     .0089     2,420        22,703                    365 
 East South Central............     .0160     2,420        19,314                    579 
 West South Central............     .0118     2,420        19,422                    393 
West...........................     .0082     2,443        22,218                    331 
 Mountain......................     .0154     2,443        20,729                    518 
 Pacific.......................     .0097     2,443        22,796                    418 
                                                                                         
TYPE OF HOUSEHOLD                                                                        
                                                                                         
Family households..............     .0044     2,241        20,584                    142 
 Married-couple families.......     .0050     2,241        22,795                    174 
 Male householder, nsp.........     .0187     2,241        17,246                    522 
 Female householder, nsp.......     .0106     2,241        11,525                    185 
Nonfamily households...........     .0071     2,241        29,617                    441 
 Male householder..............     .0106     2,241        32,656                    756 
   Living alone................     .0127     2,241        37,343                  1,052 
 Female householder............     .0094     2,241        26,766                    493 
   Living alone................     .0099     2,241        26,061                    486 
                                                                                         
AGE OF HOUSEHOLDER                                                                       
                                                                                         
Under 65 years.................     .0041     2,241        22,320                    149 
  15 to 24 years...............     .0163     2,241        14,868                    439 
  25 to 34 years...............     .0088     2,241        19,112                    269 
  35 to 44 years...............     .0077     2,241        20,497                    262 
  45 to 54 years...............     .0078     2,241        26,366                    351 
  55 to 64 years...............     .0102     2,241        28,436                    541 
65 years and over..............     .0090     2,241        19,793                    300 
  65 to 74 years...............     .0123     2,241        21,306                    453 
  75 years and over............     .0132     2,241        17,843                    372 
                                                                                         
Mean age of householder........       (X)       1.0           (X)                    (X) 
HINC-01. Selected Characteristics of Households, by Total Money Income in 2000                                             09:54 Thursday, December 13, 2001  10
(Source:  Current Population Survey.  Based on a November 2001 weighting correction.  Numbers in thousands.  Households as of March of the following year)

                               Gini ratio                                                
                                 Standard                Income per household member     
                                    error    B-Cell  Value (Dol.)  Standard error (Dol.) 
                                                                                         
SIZE OF HOUSEHOLD                                                                        
                                                                                         
One person.....................     .0080     2,241        30,739                    514 
Two people.....................     .0064     2,241        29,215                    320 
Three people...................     .0089     2,241        21,769                    306 
Four people....................     .0094     2,241        18,813                    295 
Five people....................     .0144     2,241        14,855                    356 
Six people.....................     .0247     2,241        11,639                    449 
Seven people or more...........     .0303     2,241         8,323                    363 
                                                                                         
Mean size of household.........       (X)      1.00           (X)                    (X) 
                                                                                         
NUMBER OF EARNERS                                                                        
                                                                                         
No earners.....................     .0089     2,241        13,647                    193 
One earner.....................     .0068     2,241        21,737                    256 
Two earners or more............     .0053     2,241        23,804                    187 
  2 earners....................     .0061     2,241        25,008                    235 
  3 earners....................     .0131     2,241        21,456                    391 
  4 earners or more............     .0221     2,241        19,163                    512 
                                                                                         
Mean number of earners.........       (X)      1.00           (X)                    (X) 
                                                                                         
WORK EXPERIENCE OF                                                                       
HOUSEHOLDER                                                                              
                                                                                         
     Total.....................     .0037     2,241        21,972                    140 
Worked.........................     .0043     2,241        24,032                    163 
  Worked at f-t jobs...........     .0046     2,241        24,625                    178 
    50 weeks or more...........     .0050     2,241        25,585                    200 
    27 to 49 weeks.............     .0150     2,241        20,306                    459 
    26 weeks or less...........     .0228     2,241        15,425                    661 
  Worked at p-t jobs...........     .0124     2,241        19,945                    436 
    50 weeks or more...........     .0171     2,241        22,587                    694 
    27 to 49 weeks.............     .0261     2,241        18,736                    775 
    26 weeks or less...........     .0237     2,241        15,498                    651 
Did not work...................     .0077     2,241        15,163                    198 
                                                                                         
EDUCATIONAL ATTAINMENT                                                                   
 OF HOUSEHOLDER                                                                          
                                                                                         
 Total, 25 yrs & over..........     .0038     2,241        22,403                    141 
Less than 9th grade............     .0156     2,241         9,959                    250 
9th to 12th grade, no diploma..     .0138     2,241        12,166                    319 
High School graduate                                                                     
(includes equivalency).........     .0065     2,241        17,526                    174 
Some college, no degree........     .0088     2,241        21,520                    316 
Associate Degree...............     .0127     2,241        22,278                    448 
Bachelor's Degree or more......     .0069     2,241        35,272                    417 
  Bachelor's Degree............     .0087     2,241        32,310                    480 
  Master's Degree..............     .0140     2,241        38,387                    989 
  Professional Degree..........     .0254     2,241        46,743                  2,102 
  Doctorate Degree.............     .0289     2,241        44,828                  2,081 
                                                                                         
TENURE                                                                                   
                                                                                         
Owner occupied.................     .0044     2,241        24,574                    177 
Renter occupied................     .0068     2,241        15,851                    175 
Occupier paid no cash                                                                    
rent...........................     .0335     2,241        13,643                    768


Source: U.S. Census Bureau
Contact: (
hhes-info@census.gov
) Housing and Household Economics Statistics Information Staff
Last revised: December 10, 2001