Table HINC-06. Income Distribution to $250,000 or More for Households:  2001
(Source:  Current Population Survey, March 2002.  Numbers in thousands.  Households as of March of the following year)

                                      All Races                 White                   Black              Hispanic Origin       Non-Hispanic White   
                                                 Mean                    Mean                    Mean                    Mean                    Mean 
                                   Number      Income      Number      Income      Number      Income      Number      Income      Number      Income 
                                                                                                                                                      
    Income of Household                                                                                                                               
    Total ...................     109,297      58,208      90,682      60,512      13,315      39,248      10,499      44,383      80,818      62,444 
  Under $2,500...............       2,143         239       1,443         168         520         439         273         426       1,201         111 
  $2,500 to $4,999...........       1,222       3,817         773       3,808         388       3,842         137       3,767         649       3,813 
  $5,000 to $7,499...........       2,944       6,422       2,141       6,450         698       6,359         304       6,387       1,877       6,453 
  $7,500 to $9,999...........       3,486       8,728       2,561       8,749         756       8,658         404       8,663       2,190       8,764 
  $10,000 to $12,499.........       3,908      11,210       3,142      11,220         621      11,173         458      11,214       2,703      11,221 
  $12,500 to $14,999.........       3,606      13,629       2,946      13,615         543      13,672         411      13,659       2,552      13,608 
  $15,000 to $17,499.........       4,005      16,087       3,167      16,091         660      16,089         553      15,993       2,653      16,109 
  $17,500 to $19,999.........       3,403      18,662       2,803      18,660         479      18,655         418      18,579       2,408      18,672 
  $20,000 to $22,499.........       3,892      21,083       3,099      21,082         610      21,094         490      21,005       2,644      21,097 
  $22,500 to $24,999.........       3,278      23,701       2,697      23,706         447      23,682         373      23,691       2,352      23,711 
  $25,000 to $27,499.........       3,799      26,061       3,055      26,064         570      26,061         477      26,011       2,617      26,075 
  $27,500 to $29,999.........       3,043      28,646       2,446      28,673         464      28,544         330      28,617       2,123      28,681 
  $30,000 to $32,499.........       3,930      31,050       3,277      31,059         492      31,040         479      30,998       2,817      31,067 
  $32,500 to $34,999.........       2,818      33,678       2,330      33,679         375      33,655         335      33,601       2,019      33,689 
  $35,000 to $37,499.........       3,571      36,032       2,950      36,045         437      35,944         412      36,082       2,549      36,039 
  $37,500 to $39,999.........       2,543      38,696       2,114      38,713         310      38,626         249      38,641       1,869      38,722 
  $40,000 to $42,499.........       3,433      41,040       2,846      41,052         434      41,004         424      40,938       2,444      41,072 
  $42,500 to $44,999.........       2,278      43,673       1,924      43,679         260      43,693         231      43,668       1,710      43,679 
  $45,000 to $47,499.........       2,655      46,033       2,236      46,058         289      45,908         291      46,044       1,979      46,059 
  $47,500 to $49,999.........       2,324      48,696       1,966      48,709         256      48,655         205      48,607       1,765      48,721 
  $50,000 to $52,499.........       2,890      51,023       2,403      51,042         350      50,924         247      51,021       2,167      51,043 
  $52,500 to $54,999.........       2,033      53,669       1,736      53,679         210      53,553         153      53,725       1,593      53,674 
  $55,000 to $57,499.........       2,400      56,114       2,014      56,127         249      55,972         224      55,992       1,809      56,146 
  $57,500 to $59,999.........       1,783      58,654       1,528      58,650         177      58,680         177      58,764       1,354      58,635 
  $60,000 to $62,499.........       2,424      61,042       2,047      61,053         248      60,979         219      61,106       1,837      61,049 
  $62,500 to $64,999.........       1,656      63,725       1,417      63,719         162      63,761         141      63,801       1,281      63,710 
  $65,000 to $67,499.........       1,973      66,050       1,710      66,048         175      65,990         157      66,018       1,566      66,054 
  $67,500 to $69,999.........       1,547      68,684       1,325      68,677         150      68,705         124      68,734       1,209      68,672 
  $70,000 to $72,499.........       1,907      71,056       1,622      71,067         190      71,090         159      71,112       1,472      71,066 
  $72,500 to $74,999.........       1,443      73,695       1,248      73,707         142      73,589         128      73,711       1,125      73,705 
  $75,000 to $77,499.........       1,827      75,973       1,608      75,981         133      75,974         132      75,860       1,481      75,995 
  $77,500 to $79,999.........       1,216      78,663       1,073      78,662         100      78,693          72      78,726       1,005      78,656 
  $80,000 to $82,499.........       1,561      81,040       1,380      81,051         100      80,950         125      80,976       1,260      81,058 
  $82,500 to $84,999.........       1,137      83,681         993      83,688          90      83,584          90      83,708         910      83,685 
  $85,000 to $87,499.........       1,317      86,055       1,144      86,057         103      85,984          76      85,830       1,069      86,075 
  $87,500 to $89,999.........         939      88,676         803      88,696          86      88,754          55      88,636         754      88,698 
  $90,000 to $92,499.........       1,141      91,046         985      91,051          78      91,103          83      90,997         905      91,058 
  $92,500 to $94,999.........         867      93,660         701      93,658          83      93,666          41      93,579         664      93,664 
  $95,000 to $97,499.........       1,030      96,077         915      96,071          71      95,901          65      95,999         858      96,073 
  $97,500 to $99,999.........         802      98,686         712      98,682          65      98,639          48      98,811         668      98,671 
  $100,000 to $149,999.......       9,533     119,041       8,374     119,083         554     117,549         515     119,016       7,890     119,085 
  $150,000 to $199,999.......       3,005     169,493       2,689     169,312         115     172,222         113     164,692       2,585     169,528 
  $200,000 to $249,999.......       1,096     219,080         993     219,285          29     218,672          43     221,737         950     219,174 
  $250,000 and above.........       1,490     464,952       1,345     462,675          46     433,097          59     474,843       1,288     461,938


Source: U.S. Census Bureau
Contact: Housing and Household Economic Statistics Information Staff at (301)763-3242
Last revised: July 14, 2004