HINC-01. Selected Characteristics of Households, by Total Money Income in 2001
(Source:  Current Population Survey, March 2002. Numbers in thousands. Households as of March of the following year)

                                                       $2,500    $5,000    $7,500   $10,000   $12,500   $15,000   $17,500   $20,000   $22,500   $25,000 
                                              Under        to        to        to        to        to        to        to        to        to        to 
                                    Total    $2,500    $4,999    $7,499    $9,999   $12,499   $14,999   $17,499   $19,999   $22,499   $24,999   $27,499 
                                                                                                                                                        
All Races                                                                                                                                               
All Households.................   109,297     2,143     1,222     2,944     3,486     3,908     3,606     4,005     3,403     3,892     3,278     3,799 
                                                                                                                                                        
 TYPE OF RESIDENCE                                                                                                                                      
                                                                                                                                                        
Inside metro areas.............    88,112     1,672       927     2,133     2,605     2,920     2,677     3,063     2,570     2,970     2,471     2,919 
  Inside central cities........    32,540       856       507     1,169     1,322     1,384     1,170     1,397     1,094     1,268     1,049     1,263 
    One million or more........    20,440       572       311       674       871       866       718       871       605       764       629       782 
    Under one million..........    12,099       284       195       495       451       518       452       526       489       504       420       481 
  Outside central cities.......    55,572       816       420       964     1,283     1,536     1,507     1,666     1,476     1,702     1,422     1,656 
    One million or more........    38,355       568       265       526       830       992       928     1,054       984     1,091       934     1,023 
    Under one million..........    17,217       248       155       438       453       544       579       612       492       611       489       633 
Outside metro areas............    21,185       471       295       810       881       988       929       942       832       921       807       879 
                                                                                                                                                        
REGIONS/DIVISIONS                                                                                                                                       
                                                                                                                                                        
Northeast......................    21,128       400       242       546       772       787       644       755       601       705       574       608 
 New England...................     5,735        78        40       140       212       218       171       184       150       186       141       180 
 Middle Atlantic...............    15,393       322       202       406       561       569       473       571       451       519       433       428 
Midwest........................    25,755       374       263       664       678       833       811       930       855       891       786       916 
 East North Central............    18,050       286       185       467       468       583       593       691       585       613       542       639 
 West North Central............     7,704        88        78       197       210       249       218       239       270       278       245       278 
South..........................    39,151       918       520     1,305     1,355     1,511     1,402     1,560     1,286     1,513     1,219     1,488 
 South Atlantic................    20,827       480       272       617       692       735       723       764       663       768       657       783 
 East South Central............     6,736       185       100       307       288       285       274       313       254       258       180       266 
 West South Central............    11,588       253       148       380       375       491       405       483       369       487       382       439 
West...........................    23,263       451       197       429       680       777       749       760       662       783       699       786 
 Mountain......................     6,925       124        59       144       186       237       213       243       227       255       207       265 
 Pacific.......................    16,338       327       138       285       495       541       535       517       435       528       492       521 
                                                                                                                                                        
TYPE OF HOUSEHOLD                                                                                                                                       
                                                                                                                                                        
Family households..............    74,329     1,099       569       827     1,092     1,469     1,532     2,058     1,862     2,286     1,981     2,319 
 Married-couple families.......    56,747       463       153       292       419       741       825     1,236     1,079     1,409     1,247     1,498 
 Male householder, nsp.........     4,438       102        36        73        83       116       102       153       119       160       152       200 
 Female householder, nsp.......    13,143       534       380       461       590       612       605       668       664       717       582       622 
Nonfamily households...........    34,969     1,044       653     2,117     2,394     2,439     2,074     1,947     1,541     1,606     1,297     1,479 
 Male householder..............    15,579       449       260       628       749       729       623       650       518       724       567       721 
   Living alone................    12,004       408       235       587       703       668       547       582       453       607       467       625 
 Female householder............    19,390       594       393     1,488     1,644     1,710     1,451     1,297     1,023       882       730       758 
   Living alone................    16,771       555       380     1,446     1,614     1,652     1,383     1,215       955       820       645       661 
                                                                                                                                                        
AGE OF HOUSEHOLDER                                                                                                                                      
                                                                                                                                                        
Under 65 years.................    86,821     1,855       911     1,849     1,859     2,068     1,881     2,466     2,055     2,685     2,233     2,830 
  15 to 24 years...............     6,391       283       190       229       267       289       250       356       298       333       298       342 
  25 to 34 years...............    18,988       465       202       321       358       470       419       559       476       678       532       740 
  35 to 44 years...............    24,031       422       191       375       418       388       399       578       471       662       529       766 
  45 to 54 years...............    22,208       341       187       398       346       472       385       469       434       546       465       549 
  55 to 64 years...............    15,203       345       141       527       470       449       429       504       376       465       409       433 
65 years and over..............    22,476       288       311     1,095     1,626     1,840     1,725     1,539     1,348     1,207     1,045       969 
  65 to 74 years...............    11,472       124       140       520       642       722       638       648       584       605       488       506 
  75 years and over............    11,004       164       171       575       984     1,118     1,087       892       764       602       556       463 
                                                                                                                                                        
Mean age of householder........      48.8      44.7      48.1      55.6      58.3      58.1      58.6      54.5      54.5      51.0      51.6      48.8 
HINC-01. Selected Characteristics of Households, by Total Money Income in 2001
(Source:  Current Population Survey, March 2002. Numbers in thousands. Households as of March of the following year)

                                                       $2,500    $5,000    $7,500   $10,000   $12,500   $15,000   $17,500   $20,000   $22,500   $25,000 
                                              Under        to        to        to        to        to        to        to        to        to        to 
                                    Total    $2,500    $4,999    $7,499    $9,999   $12,499   $14,999   $17,499   $19,999   $22,499   $24,999   $27,499 
                                                                                                                                                        
SIZE OF HOUSEHOLD                                                                                                                                       
                                                                                                                                                        
One person.....................    28,775       963       615     2,033     2,316     2,320     1,930     1,797     1,409     1,427     1,112     1,286 
Two people.....................    36,240       603       254       483       607       906       987     1,250     1,127     1,384     1,223     1,348 
Three people...................    17,742       299       157       194       283       309       337       444       438       472       397       509 
Four people....................    15,794       153       116       124       164       214       217       288       229       373       303       372 
Five people....................     6,948        75        52        73        72        87        81       133       136       147       152       186 
Six people.....................     2,438        35        22        18        23        56        38        57        31        64        48        64 
Seven people or more...........     1,360        15         6        19        19        16        16        35        33        25        42        35 
                                                                                                                                                        
Mean size of household.........      2.58      2.07      2.03      1.60      1.64      1.76      1.83      2.04      2.09      2.19      2.28      2.28 
                                                                                                                                                        
NUMBER OF EARNERS                                                                                                                                       
                                                                                                                                                        
No earners.....................    22,661     1,593       715     2,095     2,355     2,289     1,980     1,681     1,379     1,133       989       863 
One earner.....................    38,639       505       448       753     1,000     1,394     1,330     1,907     1,561     2,132     1,631     2,111 
Two earners or more............    47,997        45        58        95       131       225       296       417       463       627       658       824 
  2 earners....................    37,971        41        54        92       117       213       276       392       437       572       596       742 
  3 earners....................     7,555         3         4         3        14        13        20        25        22        53        53        75 
  4 earners or more............     2,471         1         0         0         0         0         0         0         4         2         8         7 
                                                                                                                                                        
Mean number of earners.........      1.39      0.28      0.47      0.33      0.37      0.48      0.55      0.70      0.75      0.90      0.95      1.03 
                                                                                                                                                        
WORK EXPERIENCE OF                                                                                                                                      
HOUSEHOLDER                                                                                                                                             
                                                                                                                                                        
     Total.....................   109,297     2,143     1,222     2,944     3,486     3,908     3,606     4,005     3,403     3,892     3,278     3,799 
Worked.........................    77,231       488       449       734     1,007     1,371     1,423     1,992     1,753     2,382     1,920     2,549 
  Worked at f-t jobs...........    66,589       291       233       422       558       896       957     1,516     1,348     1,997     1,560     2,176 
    50 weeks or more...........    56,274       159        64       144       246       556       589     1,087       963     1,562     1,199     1,797 
    27 to 49 weeks.............     6,844        43        53        81       137       164       214       260       243       284       226       276 
    26 weeks or less...........     3,471        89       115       197       174       175       154       169       142       152       134       104 
  Worked at p-t jobs...........    10,643       197       216       312       449       476       466       477       406       384       361       372 
    50 weeks or more...........     5,621        34        57       100       203       245       204       267       233       224       171       207 
    27 to 49 weeks.............     2,306        26        30        73       106       105       124        93        72        78        85        78 
    26 weeks or less...........     2,716       136       129       139       141       126       138       116       100        82       105        88 
Did not work...................    32,066     1,655       773     2,209     2,479     2,537     2,183     2,012     1,649     1,510     1,358     1,250 
                                                                                                                                                        
EDUCATIONAL ATTAINMENT                                                                                                                                  
 OF HOUSEHOLDER                                                                                                                                         
                                                                                                                                                        
 Total, 25 yrs & over..........   102,906     1,860     1,032     2,715     3,219     3,619     3,356     3,649     3,105     3,559     2,980     3,456 
Less than 9th grade............     6,841       205       202       633       640       634       539       473       384       350       264       274 
9th to 12th grade, no diploma..     9,437       293       244       585       660       691       547       581       463       554       336       470 
High School graduate                                                                                                                                    
(includes equivalency).........    31,360       596       279       875     1,104     1,276     1,267     1,399     1,212     1,331     1,234     1,257 
Some college, no degree........    18,141       280       173       299       426       495       473       592       518       653       504       648 
Associate Degree...............     8,575       117        41       128       149       195       207       206       169       233       207       282 
Bachelor's Degree or more......    28,552       368        92       195       240       328       324       399       359       437       434       525 
  Bachelor's Degree............    18,359       248        65       139       177       238       225       290       227       308       313       377 
  Master's Degree..............     6,974        75        18        44        45        67        59        64        91        83        95       112 
  Professional Degree..........     1,733        27         7         4        13        10        21        29        28        24        19        23 
  Doctorate Degree.............     1,486        17         1         7         5        13        19        16        13        21         6        14 
                                                                                                                                                        
TENURE                                                                                                                                                  
                                                                                                                                                        
Owner occupied.................    74,399     1,014       466     1,186     1,450     2,057     2,042     2,178     1,989     2,143     1,939     2,172 
Renter occupied................    33,297     1,049       711     1,680     1,945     1,751     1,509     1,750     1,345     1,643     1,271     1,548 
Occupier paid no cash                                                                                                                                   
rent...........................     1,600        80        45        78        91       100        55        77        69       106        69        79 
HINC-01. Selected Characteristics of Households, by Total Money Income in 2001
(Source:  Current Population Survey, March 2002. Numbers in thousands. Households as of March of the following year)

                                  $27,500   $30,000   $32,500   $35,000   $37,500   $40,000   $42,500   $45,000   $47,500   $50,000   $52,500   $55,000 
                                       to        to        to        to        to        to        to        to        to        to        to        to 
                                  $29,999   $32,499   $34,999   $37,499   $39,999   $42,499   $44,999   $47,499   $49,999   $52,499   $54,999   $57,499 
                                                                                                                                                        
All Races                                                                                                                                               
All Households.................     3,043     3,930     2,818     3,571     2,543     3,433     2,278     2,655     2,324     2,890     2,033     2,400 
                                                                                                                                                        
 TYPE OF RESIDENCE                                                                                                                                      
                                                                                                                                                        
Inside metro areas.............     2,353     3,069     2,170     2,828     2,002     2,762     1,761     2,102     1,822     2,347     1,671     1,932 
  Inside central cities........       941     1,245       815     1,141       735     1,106       615       779       583       812       587       630 
    One million or more........       530       785       488       721       430       697       406       477       341       549       327       406 
    Under one million..........       411       461       326       420       305       409       208       302       242       264       260       224 
  Outside central cities.......     1,413     1,824     1,356     1,687     1,267     1,656     1,146     1,323     1,239     1,534     1,084     1,302 
    One million or more........       841     1,199       860     1,109       850     1,155       775       849       784     1,008       757       925 
    Under one million..........       572       624       495       577       417       501       371       474       455       526       327       378 
Outside metro areas............       690       861       648       743       541       671       516       553       502       543       362       467 
                                                                                                                                                        
REGIONS/DIVISIONS                                                                                                                                       
                                                                                                                                                        
Northeast......................       529       748       472       603       419       582       437       489       407       548       381       478 
 New England...................       136       194       109       145       116       149        85       129       121       147        90       144 
 Middle Atlantic...............       393       554       363       458       303       433       352       360       287       401       292       333 
Midwest........................       741       909       703       848       621       743       586       661       590       748       533       599 
 East North Central............       540       598       489       583       421       546       416       468       419       553       346       404 
 West North Central............       201       310       213       265       200       197       170       193       171       195       186       195 
South..........................     1,159     1,392     1,046     1,387       916     1,319       816       952       846     1,013       658       760 
 South Atlantic................       584       730       548       770       454       698       471       528       485       543       345       443 
 East South Central............       230       223       172       224       189       199       123       146       171       151       122       127 
 West South Central............       346       439       327       394       273       422       223       278       191       320       190       189 
West...........................       614       881       597       733       587       789       439       553       481       580       461       563 
 Mountain......................       189       297       196       240       170       205       159       173       151       203       151       169 
 Pacific.......................       425       584       401       493       417       584       280       380       330       377       310       394 
                                                                                                                                                        
TYPE OF HOUSEHOLD                                                                                                                                       
                                                                                                                                                        
Family households..............     1,999     2,489     1,919     2,319     1,767     2,277     1,670     1,950     1,795     2,071     1,582     1,819 
 Married-couple families.......     1,324     1,677     1,321     1,625     1,281     1,705     1,289     1,510     1,407     1,647     1,280     1,479 
 Male householder, nsp.........       146       223       163       201       141       170       106       130       103       172       113       109 
 Female householder, nsp.......       529       590       435       493       346       402       275       310       286       252       189       232 
Nonfamily households...........     1,044     1,440       899     1,252       775     1,156       608       705       529       818       451       581 
 Male householder..............       486       740       409       634       429       630       311       405       277       448       256       286 
   Living alone................       386       627       321       527       342       491       226       304       176       342       169       180 
 Female householder............       558       700       490       618       346       526       296       300       252       370       195       295 
   Living alone................       478       635       400       534       285       441       218       227       183       299       129       208 
                                                                                                                                                        
AGE OF HOUSEHOLDER                                                                                                                                      
                                                                                                                                                        
Under 65 years.................     2,218     3,058     2,123     2,852     2,026     2,950     1,850     2,281     1,972     2,574     1,738     2,152 
  15 to 24 years...............       219       312       216       229       174       227       118       149       158       159       109       135 
  25 to 34 years...............       513       770       528       769       505       763       408       565       431       601       383       529 
  35 to 44 years...............       580       826       577       775       536       834       530       621       561       815       494       607 
  45 to 54 years...............       478       648       417       620       454       687       443       558       474       621       463       561 
  55 to 64 years...............       428       502       384       460       356       438       351       387       348       379       289       320 
65 years and over..............       825       872       695       719       517       483       427       374       352       316       295       248 
  65 to 74 years...............       439       487       392       386       298       286       277       200       231       188       197       172 
  75 years and over............       385       385       303       333       219       197       150       175       122       128        98        76 
                                                                                                                                                        
Mean age of householder........      50.5      48.0      49.0      47.5      47.9      45.3      48.2      46.2      46.6      44.8      46.7      44.8 
HINC-01. Selected Characteristics of Households, by Total Money Income in 2001
(Source:  Current Population Survey, March 2002. Numbers in thousands. Households as of March of the following year)

                                  $27,500   $30,000   $32,500   $35,000   $37,500   $40,000   $42,500   $45,000   $47,500   $50,000   $52,500   $55,000 
                                       to        to        to        to        to        to        to        to        to        to        to        to 
                                  $29,999   $32,499   $34,999   $37,499   $39,999   $42,499   $44,999   $47,499   $49,999   $52,499   $54,999   $57,499 
                                                                                                                                                        
SIZE OF HOUSEHOLD                                                                                                                                       
                                                                                                                                                        
One person.....................       864     1,262       721     1,060       627       932       444       530       358       641       298       388 
Two people.....................     1,188     1,354     1,100     1,316       918     1,115       857     1,012       843       944       786       872 
Three people...................       440       575       415       537       401       531       381       442       496       527       360       482 
Four people....................       313       385       334       373       349       491       317       393       350       461       356       398 
Five people....................       159       248       152       176       139       230       181       178       171       208       153       165 
Six people.....................        46        71        62        70        60        83        47        68        74        69        43        71 
Seven people or more...........        33        34        36        37        48        49        49        31        33        38        37        24 
                                                                                                                                                        
Mean size of household.........      2.37      2.38      2.49      2.39      2.60      2.60      2.74      2.67      2.83      2.70      2.83      2.78 
                                                                                                                                                        
NUMBER OF EARNERS                                                                                                                                       
                                                                                                                                                        
No earners.....................       672       720       463       544       383       350       266       269       197       170       150       128 
One earner.....................     1,490     2,204     1,329     1,874     1,092     1,656       875     1,041       805     1,222       665       744 
Two earners or more............       881     1,005     1,027     1,153     1,068     1,427     1,137     1,345     1,322     1,497     1,218     1,528 
  2 earners....................       779       884       899     1,015       906     1,212       956     1,132     1,073     1,278     1,020     1,295 
  3 earners....................        92       110       113       119       140       180       148       190       203       181       163       199 
  4 earners or more............         9        11        15        20        22        35        34        23        46        38        36        33 
                                                                                                                                                        
Mean number of earners.........      1.13      1.13      1.28      1.25      1.37      1.42      1.53      1.53      1.66      1.58      1.68      1.73 
                                                                                                                                                        
WORK EXPERIENCE OF                                                                                                                                      
HOUSEHOLDER                                                                                                                                             
                                                                                                                                                        
     Total.....................     3,043     3,930     2,818     3,571     2,543     3,433     2,278     2,655     2,324     2,890     2,033     2,400 
Worked.........................     2,014     2,753     2,015     2,648     1,891     2,703     1,766     2,125     1,890     2,409     1,656     2,070 
  Worked at f-t jobs...........     1,690     2,401     1,709     2,323     1,629     2,411     1,512     1,866     1,626     2,186     1,444     1,876 
    50 weeks or more...........     1,344     2,036     1,421     2,011     1,356     2,040     1,246     1,611     1,394     1,929     1,241     1,611 
    27 to 49 weeks.............       225       271       192       224       189       263       181       198       150       193       142       186 
    26 weeks or less...........       121        95        96        88        84       109        85        58        81        64        61        79 
  Worked at p-t jobs...........       323       352       306       325       262       292       254       259       265       223       211       194 
    50 weeks or more...........       179       187       169       190       142       161       130       145       156       130       101       119 
    27 to 49 weeks.............        66        81        71        75        49        54        59        50        53        47        49        45 
    26 weeks or less...........        78        84        67        61        71        76        64        64        55        45        62        30 
Did not work...................     1,029     1,177       803       923       652       730       512       530       434       481       377       330 
                                                                                                                                                        
EDUCATIONAL ATTAINMENT                                                                                                                                  
 OF HOUSEHOLDER                                                                                                                                         
                                                                                                                                                        
 Total, 25 yrs & over..........     2,824     3,618     2,602     3,342     2,369     3,206     2,160     2,506     2,166     2,731     1,924     2,264 
Less than 9th grade............       205       255       174       220       144       146       115        90        89        80        56        75 
9th to 12th grade, no diploma..       395       321       267       321       233       293       177       204       149       174       128       134 
High School graduate                                                                                                                                    
(includes equivalency).........     1,025     1,363       971     1,162       866     1,072       715       869       690       943       614       705 
Some college, no degree........       537       692       546       614       443       612       391       540       444       516       411       439 
Associate Degree...............       220       293       211       307       218       307       234       223       208       283       182       241 
Bachelor's Degree or more......       442       694       434       718       463       775       528       580       586       734       533       670 
  Bachelor's Degree............       318       517       283       515       332       564       352       392       393       516       351       474 
  Master's Degree..............        96       130       108       133       103       160       126       129       139       174       145       142 
  Professional Degree..........        17        17        19        37         8        30        28        31        31        24         4        22 
  Doctorate Degree.............        11        30        23        33        20        21        22        27        24        20        32        32 
                                                                                                                                                        
TENURE                                                                                                                                                  
                                                                                                                                                        
Owner occupied.................     1,881     2,360     1,792     2,231     1,724     2,161     1,591     1,800     1,687     2,096     1,490     1,725 
Renter occupied................     1,101     1,479       972     1,288       787     1,227       672       814       596       763       514       650 
Occupier paid no cash                                                                                                                                   
rent...........................        61        91        54        53        31        45        15        42        41        31        29        25 
HINC-01. Selected Characteristics of Households, by Total Money Income in 2001
(Source:  Current Population Survey, March 2002. Numbers in thousands. Households as of March of the following year)

                                  $57,500   $60,000   $62,500   $65,000   $67,500   $70,000   $72,500   $75,000   $77,500   $80,000   $82,500   $85,000 
                                       to        to        to        to        to        to        to        to        to        to        to        to 
                                  $59,999   $62,499   $64,999   $67,499   $69,999   $72,499   $74,999   $77,499   $79,999   $82,499   $84,999   $87,499 
                                                                                                                                                        
All Races                                                                                                                                               
All Households.................     1,783     2,424     1,656     1,973     1,547     1,907     1,443     1,827     1,216     1,561     1,137     1,317 
                                                                                                                                                        
 TYPE OF RESIDENCE                                                                                                                                      
                                                                                                                                                        
Inside metro areas.............     1,473     1,989     1,334     1,626     1,246     1,581     1,199     1,514     1,037     1,335       988     1,103 
  Inside central cities........       494       679       416       517       381       500       399       459       302       418       295       337 
    One million or more........       298       432       268       340       244       323       249       301       181       277       184       214 
    Under one million..........       196       247       148       177       137       177       150       159       121       141       111       123 
  Outside central cities.......       978     1,310       918     1,109       865     1,081       801     1,054       735       917       693       766 
    One million or more........       670       915       623       756       607       767       555       774       494       669       508       552 
    Under one million..........       309       395       295       353       258       314       245       281       241       248       185       213 
Outside metro areas............       310       435       322       348       301       325       244       314       179       226       148       215 
                                                                                                                                                        
REGIONS/DIVISIONS                                                                                                                                       
                                                                                                                                                        
Northeast......................       307       508       297       395       293       384       260       320       264       282       245       255 
 New England...................        94       149        81       126        82       105        73        95        76        92        75        93 
 Middle Atlantic...............       213       359       216       269       211       279       188       224       189       191       170       162 
Midwest........................       518       554       453       472       438       470       349       475       299       397       272       318 
 East North Central............       370       370       312       317       271       304       239       333       207       268       194       200 
 West North Central............       148       184       141       155       167       166       110       142        93       129        78       117 
South..........................       556       810       564       689       493       653       498       638       423       489       367       441 
 South Atlantic................       263       467       311       374       279       370       258       348       234       252       203       236 
 East South Central............        93       136        90       115        53       109        85        92        76        93        66        85 
 West South Central............       200       207       163       200       162       175       156       198       112       144        98       120 
West...........................       402       552       342       417       323       399       336       396       230       393       252       303 
 Mountain......................       118       181       102       129        87       114        91       117        68       108        75        88 
 Pacific.......................       284       372       240       288       236       285       245       279       162       285       177       215 
                                                                                                                                                        
TYPE OF HOUSEHOLD                                                                                                                                       
                                                                                                                                                        
Family households..............     1,450     1,820     1,326     1,629     1,288     1,536     1,226     1,465       999     1,337       950     1,103 
 Married-couple families.......     1,182     1,528     1,093     1,412     1,105     1,325     1,065     1,267       874     1,158       826     1,003 
 Male householder, nsp.........        89       102        76        71        43        76        47        69        47        78        31        44 
 Female householder, nsp.......       179       191       157       146       140       135       114       129        77       101        93        57 
Nonfamily households...........       333       604       330       344       259       371       217       363       218       224       187       214 
 Male householder..............       159       338       199       203       158       216       137       226       122       161        92       118 
   Living alone................        88       244       125       128        75       134        69       139        70        92        52        62 
 Female householder............       174       265       131       141       101       155        80       137        96        62        94        96 
   Living alone................        91       188        85        79        69       105        50        77        49        31        49        54 
                                                                                                                                                        
AGE OF HOUSEHOLDER                                                                                                                                      
                                                                                                                                                        
Under 65 years.................     1,606     2,220     1,471     1,788     1,405     1,720     1,283     1,681     1,099     1,481     1,031     1,230 
  15 to 24 years...............        94        72        69        69        74        74        51        55        34        21        27        41 
  25 to 34 years...............       444       621       335       457       324       445       219       356       239       315       196       241 
  35 to 44 years...............       415       666       424       531       427       459       417       544       378       460       330       411 
  45 to 54 years...............       409       557       382       489       344       459       389       492       306       439       309       365 
  55 to 64 years...............       244       303       261       243       236       282       208       233       142       246       170       172 
65 years and over..............       177       205       185       185       142       187       160       147       117        79       105        87 
  65 to 74 years...............       114       147       120       120        86       132       104        95        83        45        57        63 
  75 years and over............        63        58        65        65        57        56        56        52        34        34        48        24 
                                                                                                                                                        
Mean age of householder........      44.3      43.9      46.0      44.6      45.1      44.9      46.7      45.1      44.9      45.0      46.2      44.7 
HINC-01. Selected Characteristics of Households, by Total Money Income in 2001
(Source:  Current Population Survey, March 2002. Numbers in thousands. Households as of March of the following year)

                                  $57,500   $60,000   $62,500   $65,000   $67,500   $70,000   $72,500   $75,000   $77,500   $80,000   $82,500   $85,000 
                                       to        to        to        to        to        to        to        to        to        to        to        to 
                                  $59,999   $62,499   $64,999   $67,499   $69,999   $72,499   $74,999   $77,499   $79,999   $82,499   $84,999   $87,499 
                                                                                                                                                        
SIZE OF HOUSEHOLD                                                                                                                                       
                                                                                                                                                        
One person.....................       179       432       210       206       144       238       119       215       119       123       101       116 
Two people.....................       707       823       617       686       531       666       539       660       417       559       356       422 
Three people...................       372       443       318       401       323       394       280       350       252       310       239       308 
Four people....................       320       492       298       412       319       375       300       380       265       359       278       287 
Five people....................       121       151       135       160       134       160       138       163       117       141       114       122 
Six people.....................        63        51        49        81        56        54        46        31        31        47        32        41 
Seven people or more...........        22        33        30        27        39        19        21        28        16        22        17        20 
                                                                                                                                                        
Mean size of household.........      2.94      2.80      2.94      3.06      3.14      2.96      3.08      2.96      3.08      3.10      3.19      3.15 
                                                                                                                                                        
NUMBER OF EARNERS                                                                                                                                       
                                                                                                                                                        
No earners.....................        79       102        73        71        66        73        79        64        35        35        49        21 
One earner.....................       439       814       447       543       315       555       297       505       246       361       235       279 
Two earners or more............     1,264     1,509     1,136     1,360     1,167     1,279     1,068     1,259       935     1,164       853     1,018 
  2 earners....................     1,002     1,261       901     1,087       889       990       796       964       697       905       617       770 
  3 earners....................       211       201       184       207       220       217       203       235       177       188       156       183 
  4 earners or more............        51        46        50        66        58        72        69        60        61        71        80        64 
                                                                                                                                                        
Mean number of earners.........      1.89      1.75      1.87      1.88      1.98      1.88      1.99      1.89      2.06      1.98      2.07      2.05 
                                                                                                                                                        
WORK EXPERIENCE OF                                                                                                                                      
HOUSEHOLDER                                                                                                                                             
                                                                                                                                                        
     Total.....................     1,783     2,424     1,656     1,973     1,547     1,907     1,443     1,827     1,216     1,561     1,137     1,317 
Worked.........................     1,555     2,133     1,428     1,710     1,353     1,644     1,252     1,635     1,086     1,408       985     1,195 
  Worked at f-t jobs...........     1,380     1,960     1,263     1,565     1,195     1,512     1,122     1,506       957     1,273       920     1,109 
    50 weeks or more...........     1,198     1,759     1,118     1,368     1,065     1,349       985     1,339       844     1,162       822     1,008 
    27 to 49 weeks.............       148       147       109       147        93       124        93       123        83        87        72        73 
    26 weeks or less...........        34        54        36        49        37        38        44        45        30        23        26        28 
  Worked at p-t jobs...........       175       173       165       146       159       132       130       129       128       136        65        86 
    50 weeks or more...........        86       106        97        88        94        84        72        63        80        75        37        54 
    27 to 49 weeks.............        48        31        38        29        28        26        36        38        32        35        17        19 
    26 weeks or less...........        40        35        31        28        36        22        22        28        16        26        12        12 
Did not work...................       228       291       228       263       194       263       191       192       131       152       151       123 
                                                                                                                                                        
EDUCATIONAL ATTAINMENT                                                                                                                                  
 OF HOUSEHOLDER                                                                                                                                         
                                                                                                                                                        
 Total, 25 yrs & over..........     1,689     2,352     1,587     1,904     1,473     1,833     1,393     1,773     1,182     1,539     1,110     1,276 
Less than 9th grade............        41        60        28        45        28        31        36        32        25        16        20        16 
9th to 12th grade, no diploma..        79       105       118        94        79        81        51        56        37        32        49        34 
High School graduate                                                                                                                                    
(includes equivalency).........       540       707       473       560       438       484       411       508       319       390       247       293 
Some college, no degree........       377       493       318       390       310       372       268       331       223       303       210       218 
Associate Degree...............       162       246       174       197       153       180       155       216       133       174       163       142 
Bachelor's Degree or more......       491       740       476       619       465       685       470       629       446       625       420       573 
  Bachelor's Degree............       352       494       329       450       315       481       330       425       270       405       274       321 
  Master's Degree..............       116       181       112       130       118       159       110       140       142       147       116       186 
  Professional Degree..........         7        30        20        26        11        20        15        36        18        43        12        25 
  Doctorate Degree.............        16        35        15        13        21        25        15        28        16        30        18        41 
                                                                                                                                                        
TENURE                                                                                                                                                  
                                                                                                                                                        
Owner occupied.................     1,317     1,794     1,285     1,535     1,238     1,521     1,228     1,495       998     1,317       958     1,115 
Renter occupied................       450       611       367       422       300       374       197       319       209       232       171       187 
Occupier paid no cash                                                                                                                                   
rent...........................        16        20         4        16         9        12        19        13         9        12         7        15 
HINC-01. Selected Characteristics of Households, by Total Money Income in 2001
(Source:  Current Population Survey, March 2002. Numbers in thousands. Households as of March of the following year)

                                  $87,500   $90,000   $92,500   $95,000   $97,500  $100,000        Median income                Mean income          Gini  
                                       to        to        to        to        to       and                    Standard                    Standard        
                                  $89,999   $92,499   $94,999   $97,499   $99,999      over  Value (Dol.)  error (Dol.)  Value (Dol.)  error (Dol.)  ratio 
                                                                                                                                                           
All Races                                                                                                                                                  
All Households.................       939     1,141       867     1,030       802    15,124        42,228           129        58,208           232   .450 
                                                                                                                                                           
 TYPE OF RESIDENCE                                                                                                                                         
                                                                                                                                                           
Inside metro areas.............       822     1,007       765       900       705    13,741        45,219           188        61,694           275   .446 
  Inside central cities........       227       284       201       227       204     3,731        36,731           211        52,705           431   .471 
    One million or more........       155       174       120       160       118     2,581        37,691           393        54,764           577   .476 
    Under one million..........        72       111        81        67        85     1,150        35,215           369        49,226           625   .461 
  Outside central cities.......       595       722       563       673       502    10,010        50,697           205        66,957           353   .427 
    One million or more........       420       533       426       477       365     7,938        54,321           345        72,037           462   .424 
    Under one million..........       175       190       138       196       136     2,072        43,631           472        55,640           476   .420 
Outside metro areas............       117       134       103       130        97     1,383        33,601           367        43,711           412   .433 
                                                                                                                                                           
REGIONS/DIVISIONS                                                                                                                                          
                                                                                                                                                           
Northeast......................       202       227       203       206       170     3,581        45,716           374        64,344           598   .461 
 New England...................        53        73        52        60        41     1,053        49,726           616        66,516           891   .449 
 Middle Atlantic...............       149       155       151       146       129     2,528        44,316           454        63,534           731   .464 
Midwest........................       232       286       209       260       211     3,261        43,834           349        56,944           398   .428 
 East North Central............       165       201       150       180       151     2,382        43,677           434        57,205           496   .431 
 West North Central............        67        84        59        80        60       879        44,218           564        56,332           637   .419 
South..........................       326       336       268       357       253     4,648        38,904           308        54,046           390   .459 
 South Atlantic................       197       168       161       204       138     2,611        40,623           293        55,393           535   .452 
 East South Central............        46        70        35        48        31       628        35,387           496        48,772           791   .466 
 West South Central............        83        98        71       106        84     1,409        38,195           591        54,690           781   .462 
West...........................       179       292       188       207       168     3,634        45,087           450        61,041           567   .441 
 Mountain......................        53        72        57        55        48       898        42,590           529        56,557           668   .432 
 Pacific.......................       126       220       130       151       120     2,736        46,133           538        62,942           772   .444 
                                                                                                                                                           
TYPE OF HOUSEHOLD                                                                                                                                          
                                                                                                                                                           
Family households..............       816       941       744       893       706    13,349        52,275           176        67,856           294   .409 
 Married-couple families.......       718       834       680       800       639    12,336        60,471           208        76,171           357   .379 
 Male householder, nsp.........        29        44        21        45        20       430        40,715           523        52,755         1,006   .410 
 Female householder, nsp.......        68        64        42        47        48       583        28,142           289        37,057           381   .441 
Nonfamily households...........       123       200       124       137        96     1,775        25,631           169        37,700           341   .486 
 Male householder..............        77       122        75        49        71     1,125        32,312           240        46,176           647   .473 
   Living alone................        29        66        36        26        34       563        28,283           379        39,089           597   .472 
 Female householder............        47        78        48        89        25       650        20,264           211        30,891           319   .479 
   Living alone................        14        56        29        57         8       317        17,868           181        26,453           297   .460 
                                                                                                                                                           
AGE OF HOUSEHOLDER                                                                                                                                         
                                                                                                                                                           
Under 65 years.................       855     1,064       806       954       726    13,916        49,227           199        64,139           274   .426 
  15 to 24 years...............        19        52        18        14        21       246        28,196           486        36,148           521   .431 
  25 to 34 years...............       162       203       142       202       133     1,971        45,080           373        55,414           466   .400 
  35 to 44 years...............       250       352       294       274       225     4,219        53,320           419        69,088           577   .407 
  45 to 54 years...............       283       323       239       298       239     4,871        58,045           487        74,722           592   .407 
  55 to 64 years...............       141       134       113       167       108     2,609        45,864           425        63,523           666   .456 
65 years and over..............        84        77        61        75        76     1,208        23,118           191        35,298           339   .473 
  65 to 74 years...............        61        51        43        39        50       892        28,172           325        41,973           565   .474 
  75 years and over............        23        26        19        37        27       316        19,174           183        28,339           349   .447 
                                                                                                                                                           
Mean age of householder........      46.4      44.2      45.3      46.0      46.2      47.1           (X)           (X)           (X)           (X)    (X) 
HINC-01. Selected Characteristics of Households, by Total Money Income in 2001
(Source:  Current Population Survey, March 2002. Numbers in thousands. Households as of March of the following year)

                                  $87,500   $90,000   $92,500   $95,000   $97,500  $100,000        Median income                Mean income          Gini  
                                       to        to        to        to        to       and                    Standard                    Standard        
                                  $89,999   $92,499   $94,999   $97,499   $99,999      over  Value (Dol.)  error (Dol.)  Value (Dol.)  error (Dol.)  ratio 
                                                                                                                                                           
SIZE OF HOUSEHOLD                                                                                                                                          
                                                                                                                                                           
One person.....................        43       122        65        82        43       880        21,761           159        31,724           306   .477 
Two people.....................       335       325       293       313       248     5,264        45,245           252        60,689           407   .427 
Three people...................       236       275       204       240       203     3,166        54,481           494        68,221           584   .398 
Four people....................       200       261       170       251       185     3,571        62,595           471        78,353           718   .378 
Five people....................        91        94        89        93        84     1,481        59,898           839        75,709         1,015   .385 
Six people.....................        23        38        23        34        30       491        57,548           990        73,315         1,729   .389 
Seven people or more...........        10        26        22        17        10       271        54,560         1,587        71,388         2,124   .400 
                                                                                                                                                           
Mean size of household.........      3.14      3.14      3.15      3.20      3.26      3.21           (X)           (X)           (X)           (X)    (X) 
                                                                                                                                                           
NUMBER OF EARNERS                                                                                                                                          
                                                                                                                                                           
No earners.....................        25        24        24        35        34       389        15,452           120        21,944           166   .463 
One earner.....................       165       267       180       182       132     2,908        34,104           197        48,177           372   .442 
Two earners or more............       749       850       663       813       636    11,828        68,106           251        83,406           389   .330 
  2 earners....................       518       631       505       576       457     8,424        64,552           289        80,171           437   .339 
  3 earners....................       184       153       121       182       126     2,284        77,255           534        90,971           950   .295 
  4 earners or more............        47        66        37        56        54     1,120        94,589         1,561       109,976         1,768   .256 
                                                                                                                                                           
Mean number of earners.........      2.14      2.03      2.01      2.11      2.11      2.14           (X)           (X)           (X)           (X)    (X) 
                                                                                                                                                           
WORK EXPERIENCE OF                                                                                                                                         
HOUSEHOLDER                                                                                                                                                
                                                                                                                                                           
     Total.....................       939     1,141       867     1,030       802    15,124        42,228           129        58,208           232   .450 
Worked.........................       833     1,029       788       924       716    13,547        53,002           224        68,544           294   .396 
  Worked at f-t jobs...........       750       947       719       852       654    12,279        55,723           184        71,065           324   .383 
    50 weeks or more...........       678       862       643       774       582    11,111        58,608           264        74,407           363   .369 
    27 to 49 weeks.............        65        59        57        57        58       854        43,558           611        56,640           749   .406 
    26 weeks or less...........         8        25        19        22        14       313        30,239           765        45,336         1,171   .495 
  Worked at p-t jobs...........        83        83        70        71        62     1,268        36,726           423        52,770           657   .472 
    50 weeks or more...........        33        45        42        29        32       748        39,961           665        57,097           969   .456 
    27 to 49 weeks.............        30        20        15        17        13       264        37,219         1,013        52,191         1,265   .458 
    26 weeks or less...........        20        18        13        25        18       257        29,339           886        44,307         1,189   .511 
Did not work...................       106       112        79       106        87     1,577        20,887           158        33,314           302   .513 
                                                                                                                                                           
EDUCATIONAL ATTAINMENT                                                                                                                                     
 OF HOUSEHOLDER                                                                                                                                            
                                                                                                                                                           
 Total, 25 yrs & over..........       920     1,089       849     1,016       782    14,878        43,592           198        59,578           244   .447 
Less than 9th grade............        21        15        16        18         9       138        18,120           287        26,202           375   .456 
9th to 12th grade, no diploma..        30        35        18        18        30       268        23,251           385        32,356           530   .460 
High School graduate                                                                                                                                       
(includes equivalency).........       214       216       187       234       155     2,156        36,055           203        46,226           329   .420 
Some college, no degree........       190       203       175       172       172     2,170        45,810           333        55,850           408   .397 
Associate Degree...............        87       137        89        93        70     1,143        51,162           437        61,399           682   .383 
Bachelor's Degree or more......       377       482       364       480       346     9,004        72,284           355        93,060           647   .369 
  Bachelor's Degree............       252       317       237       323       209     4,961        67,165           416        84,794           716   .376 
  Master's Degree..............        93       110        89       111        99     2,474        78,902           786        98,795         1,453   .347 
  Professional Degree..........        12        36        14        32        28       873       100,000          (NA)       134,761         3,523   .273 
  Doctorate Degree.............        20        19        24        15        10       696        92,806         2,368       119,629         3,154   .237 
                                                                                                                                                           
TENURE                                                                                                                                                     
                                                                                                                                                           
Owner occupied.................       797       966       721       906       708    13,325        51,597           174        67,473           306   .420 
Renter occupied................       134       170       139       117        94     1,741        28,513           221        38,674           300   .460 
Occupier paid no cash                                                                                                                                      
rent...........................         7         5         7         7         1        59        26,022           678        33,943         1,000   .444 
HINC-01. Selected Characteristics of Households, by Total Money Income in 2001
(Source:  Current Population Survey, March 2002. Numbers in thousands. Households as of March of the following year)

                               Gini ratio                                                
                                 Standard                Income per household member     
                                    error   B-Cell1  Value (Dol.)  Standard error (Dol.) 
                                                                                         
All Races                                                                                
All Households.................     .0026     1,140        22,565                     98 
                                                                                         
 TYPE OF RESIDENCE                                                                       
                                                                                         
Inside metro areas.............     .0029     1,140        23,708                    115 
  Inside central cities........     .0049     1,140        21,055                    193 
    One million or more........     .0062     1,140        21,625                    256 
    Under one million..........     .0080     1,140        20,062                    295 
  Outside central cities.......     .0036     1,140        25,169                    150 
    One million or more........     .0043     1,140        26,833                    197 
    Under one million..........     .0064     1,140        21,349                    222 
Outside metro areas............     .0072     1,710        17,590                    202 
                                                                                         
REGIONS/DIVISIONS                                                                        
                                                                                         
Northeast......................     .0056     1,015        25,537                    270 
 New England...................     .0086       684        27,487                    437 
 Middle Atlantic...............     .0067     1,063        24,850                    323 
Midwest........................     .0051     1,037        23,010                    192 
 East North Central............     .0064     1,151        23,062                    242 
 West North Central............     .0079       764        22,886                    313 
South..........................     .0047     1,300        21,027                    172 
 South Atlantic................     .0064     1,288        22,067                    248 
 East South Central............     .0105     1,106        19,490                    370 
 West South Central............     .0092     1,436        20,122                    331 
West...........................     .0062     1,402        22,072                    237 
 Mountain......................     .0086       798        21,032                    301 
 Pacific.......................     .0080     1,642        22,496                    319 
                                                                                         
TYPE OF HOUSEHOLD                                                                        
                                                                                         
Family households..............     .0031     1,140        21,167                    103 
 Married-couple families.......     .0035     1,140        23,593                    127 
 Male householder, nsp.........     .0131     1,140        16,922                    378 
 Female householder, nsp.......     .0076     1,140        11,813                    144 
Nonfamily households...........     .0051     1,140        30,194                    322 
 Male householder..............     .0076     1,140        34,453                    566 
   Living alone................     .0090     1,140        39,089                    751 
 Female householder............     .0067     1,140        26,291                    347 
   Living alone................     .0074     1,140        26,453                    394 
                                                                                         
AGE OF HOUSEHOLDER                                                                       
                                                                                         
Under 65 years.................     .0029     1,140        22,909                    108 
  15 to 24 years...............     .0108     1,140        14,037                    248 
  25 to 34 years...............     .0061     1,140        19,379                    194 
  35 to 44 years...............     .0055     1,140        21,296                    203 
  45 to 54 years...............     .0056     1,140        27,132                    254 
  55 to 64 years...............     .0069     1,140        29,091                    364 
65 years and over..............     .0064     1,140        20,414                    232 
  65 to 74 years...............     .0087     1,140        22,208                    353 
  75 years and over............     .0093     1,140        18,150                    282 
                                                                                         
Mean age of householder........       (X)       1.0           (X)                    (X) 
HINC-01. Selected Characteristics of Households, by Total Money Income in 2001
(Source:  Current Population Survey, March 2002. Numbers in thousands. Households as of March of the following year)

                               Gini ratio                                                
                                 Standard                Income per household member     
                                    error   B-Cell1  Value (Dol.)  Standard error (Dol.) 
                                                                                         
SIZE OF HOUSEHOLD                                                                        
                                                                                         
One person.....................     .0058     1,140        31,724                    384 
Two people.....................     .0045     1,140        29,887                    236 
Three people...................     .0063     1,140        22,142                    226 
Four people....................     .0066     1,140        19,326                    208 
Five people....................     .0100     1,140        14,978                    239 
Six people.....................     .0170     1,140        12,016                    334 
Seven people or more...........     .0227     1,140         8,925                    320 
                                                                                         
Mean size of household.........       (X)      1.00           (X)                    (X) 
                                                                                         
NUMBER OF EARNERS                                                                        
                                                                                         
No earners.....................     .0062     1,140        13,686                    135 
One earner.....................     .0049     1,140        22,289                    193 
Two earners or more............     .0038     1,140        24,698                    136 
  2 earners....................     .0043     1,140        25,997                    168 
  3 earners....................     .0094     1,140        21,885                    293 
  4 earners or more............     .0162     1,140        20,007                    435 
                                                                                         
Mean number of earners.........       (X)      1.00           (X)                    (X) 
                                                                                         
WORK EXPERIENCE OF                                                                       
HOUSEHOLDER                                                                              
                                                                                         
     Total.....................     .0026     1,140        22,565                     98 
Worked.........................     .0031     1,140        24,714                    118 
  Worked at f-t jobs...........     .0033     1,140        25,474                    131 
    50 weeks or more...........     .0036     1,140        26,515                    148 
    27 to 49 weeks.............     .0103     1,140        20,962                    344 
    26 weeks or less...........     .0153     1,140        16,823                    493 
  Worked at p-t jobs...........     .0086     1,140        19,752                    289 
    50 weeks or more...........     .0118     1,140        21,180                    426 
    27 to 49 weeks.............     .0179     1,140        19,456                    576 
    26 weeks or less...........     .0171     1,140        16,958                    528 
Did not work...................     .0055     1,140        15,770                    159 
                                                                                         
EDUCATIONAL ATTAINMENT                                                                   
 OF HOUSEHOLDER                                                                          
                                                                                         
 Total, 25 yrs & over..........     .0027     1,140        23,094                    102 
Less than 9th grade............     .0110     1,140         9,809                    170 
9th to 12th grade, no diploma..     .0097     1,140        12,497                    229 
High School graduate                                                                     
(includes equivalency).........     .0048     1,140        18,081                    149 
Some college, no degree........     .0061     1,140        21,443                    199 
Associate Degree...............     .0089     1,140        23,516                    332 
Bachelor's Degree or more......     .0048     1,140        36,421                    300 
  Bachelor's Degree............     .0060     1,140        33,072                    338 
  Master's Degree..............     .0095     1,140        39,507                    699 
  Professional Degree..........     .0172     1,140        49,920                  1,632 
  Doctorate Degree.............     .0195     1,140        47,212                  1,611 
                                                                                         
TENURE                                                                                   
                                                                                         
Owner occupied.................     .0031     1,140        25,258                    127 
Renter occupied................     .0050     1,140        16,262                    143 
Occupier paid no cash                                                                    
rent...........................     .0214     1,140        13,576                    491


Source: U.S. Census Bureau
Contact: Housing and Household Economic Statistics Information Staff at (301)763-3242
Last revised: July 14, 2004