HINC-01. Selected Characteristics of Households, by Total Money Income in 2002

[Source:  U.S. Census Bureau, Current Population Survey, 2003 Annual Social and Economic Supplement. Numbers in thousands.
          Households as of March of the following year.  A.O.I.C. stands for alone or in combination]

                                                       $2,500    $5,000    $7,500   $10,000   $12,500   $15,000   $17,500   $20,000   $22,500   $25,000
                                              Under        to        to        to        to        to        to        to        to        to        to
                                    Total    $2,500    $4,999    $7,499    $9,999   $12,499   $14,999   $17,499   $19,999   $22,499   $24,999   $27,499

All Races
All Households.................   111,278     2,300     1,233     3,056     3,501     4,143     3,693     3,913     3,314     4,113     3,306     3,877

 TYPE OF RESIDENCE

Inside metro areas.............    90,075     1,827     1,001     2,277     2,621     3,148     2,808     2,997     2,548     3,211     2,544     3,019
  Inside central cities........    33,543       907       495     1,198     1,297     1,490     1,212     1,385     1,101     1,420     1,038     1,249
    One million or more........    21,133       600       295       726       837       940       721       885       593       880       605       773
    Under one million..........    12,409       307       200       472       460       550       492       500       508       541       434       476
  Outside central cities.......    56,532       920       506     1,079     1,324     1,659     1,596     1,612     1,447     1,790     1,506     1,770
    One million or more........    38,913       661       341       689       778       987     1,065     1,037       898     1,087       971     1,180
    Under one million..........    17,619       259       164       390       546       671       531       575       549       703       535       590
Outside metro areas............    21,203       474       232       779       880       995       884       917       766       903       762       858

REGIONS/DIVISIONS

Northeast......................    21,229       440       223       570       675       814       681       775       577       695       554       729
 New England...................     5,681        82        50       148       179       210       211       204       124       177       139       149
 Middle Atlantic...............    15,548       358       173       422       496       604       470       571       453       517       415       580
Midwest........................    25,630       476       275       691       714       934       870       782       737       988       769       801
 East North Central............    17,908       368       203       523       491       651       622       541       516       725       531       544
 West North Central............     7,721       108        72       168       223       284       248       242       221       262       238       256
South..........................    40,107       914       519     1,301     1,410     1,512     1,431     1,495     1,327     1,581     1,302     1,510
 South Atlantic................    21,176       461       245       633       679       771       686       730       664       825       685       772
 East South Central............     6,849       166        91       298       285       284       300       295       248       245       229       257
 West South Central............    12,082       288       184       370       446       456       445       470       416       511       388       480
West...........................    24,313       470       215       494       702       883       710       861       673       851       681       838
 Mountain......................     7,161       138        77       160       181       255       207       262       215       281       212       281
 Pacific.......................    17,153       332       138       334       521       628       503       600       458       569       469       557

TYPE OF HOUSEHOLD

Family households..............    75,596     1,068       583       967     1,055     1,495     1,608     2,005     1,876     2,330     1,985     2,399
 Married-couple families.......    57,320       484       173       322       450       734       839     1,113     1,112     1,449     1,298     1,552
 Male householder, nsp.........     4,656        82        37        80        66       112       106       153       134       215       153       205
 Female householder, nsp.......    13,620       502       373       564       539       648       663       739       630       665       534       642
Nonfamily households...........    35,682     1,232       649     2,089     2,446     2,649     2,085     1,908     1,439     1,784     1,321     1,478
 Male householder..............    16,020       536       242       678       733       829       725       677       601       811       610       683
   Living alone................    12,511       494       218       650       696       788       649       596       522       720       504       580
 Female householder............    19,662       696       407     1,411     1,713     1,820     1,360     1,230       837       973       711       796
   Living alone................    16,919       646       389     1,381     1,677     1,757     1,328     1,161       788       884       640       704

AGE OF HOUSEHOLDER

Under 65 years.................    88,619     2,017       970     1,987     1,743     2,249     2,003     2,330     2,016     2,901     2,238     2,885
  15 to 24 years...............     6,611       279       243       266       268       342       298       329       272       383       278       317
  25 to 34 years...............    19,055       454       222       363       308       462       442       548       460       671       548       750
  35 to 44 years...............    24,069       444       166       417       381       460       424       546       514       768       547       709
  45 to 54 years...............    22,623       435       192       418       379       439       371       438       366       579       447       588
  55 to 64 years...............    16,260       405       146       523       408       546       467       469       405       500       418       522
65 years and over..............    22,659       283       263     1,069     1,758     1,894     1,690     1,583     1,298     1,212     1,068       992
  65 to 74 years...............    11,360       130        95       488       667       713       631       665       607       549       482       533
  75 years and over............    11,299       153       168       581     1,091     1,181     1,059       918       691       664       587       459

Mean age of householder........      48.9      45.3      46.0      54.5      59.5      57.8      57.6      55.1      54.4      50.8      51.9      49.4
HINC-01. Selected Characteristics of Households, by Total Money Income in 2002

[Source:  U.S. Census Bureau, Current Population Survey, 2003 Annual Social and Economic Supplement. Numbers in thousands.
          Households as of March of the following year.  A.O.I.C. stands for alone or in combination]

                                                       $2,500    $5,000    $7,500   $10,000   $12,500   $15,000   $17,500   $20,000   $22,500   $25,000
                                              Under        to        to        to        to        to        to        to        to        to        to
                                    Total    $2,500    $4,999    $7,499    $9,999   $12,499   $14,999   $17,499   $19,999   $22,499   $24,999   $27,499

SIZE OF HOUSEHOLD

One person.....................    29,431     1,140       607     2,031     2,372     2,545     1,977     1,757     1,310     1,604     1,144     1,284
Two people.....................    37,078       606       282       514       602       887       961     1,264     1,128     1,386     1,207     1,354
Three people...................    17,889       250       158       221       250       337       316       409       419       498       416       533
Four people....................    15,967       187       123       177       161       229       251       261       244       348       278       416
Five people....................     7,029        73        44        78        62        95       108       132       129       181       149       187
Six people.....................     2,521        32        13        29        35        36        56        57        55        55        63        61
Seven people or more...........     1,364        11         6         7        19        15        23        33        30        42        48        41

Mean size of household.........      2.57      1.96      2.01      1.66      1.62      1.71      1.88      2.00      2.12      2.15      2.25      2.30

NUMBER OF EARNERS

No earners.....................    23,347     1,709       656     2,097     2,450     2,418     2,062     1,754     1,372     1,247     1,024       901
One earner.....................    40,078       520       509       853       902     1,527     1,381     1,753     1,570     2,273     1,680     2,154
Two earners or more............    47,853        72        67       106       150       198       250       406       373       593       602       821
  2 earners....................    38,261        69        67       103       144       193       232       379       353       552       568       766
  3 earners....................     7,224         2         0         3         5         5        17        26        18        37        30        48
  4 earners or more............     2,369         1         0         0         0         0         0         1         2         5         5         7

Mean number of earners.........      1.36      0.30      0.53      0.35      0.35      0.47      0.52      0.67      0.72      0.87      0.90      1.01

WORK EXPERIENCE OF
HOUSEHOLDER

     Total.....................   111,278     2,300     1,233     3,056     3,501     4,143     3,693     3,913     3,314     4,113     3,306     3,877
Worked.........................    77,866       499       513       854       909     1,499     1,396     1,814     1,619     2,456     1,906     2,538
  Worked at f-t jobs...........    66,652       312       246       450       481       952       967     1,389     1,221     1,991     1,546     2,163
    50 weeks or more...........    56,307       159        66       171       226       536       606       987       883     1,528     1,173     1,791
    27 to 49 weeks.............     6,548        35        31       101       106       200       174       236       215       288       211       225
    26 weeks or less...........     3,797       118       149       178       149       216       187       166       123       175       162       147
  Worked at p-t jobs...........    11,214       187       267       404       428       547       429       425       399       466       361       376
    50 weeks or more...........     6,047        31        70       145       168       275       228       238       208       234       193       212
    27 to 49 weeks.............     2,445        14        54        95       121       112       102        84        79       113        77        82
    26 weeks or less...........     2,722       141       143       165       139       161        99       103       112       119        91        82
Did not work...................    33,412     1,801       720     2,202     2,592     2,644     2,297     2,099     1,695     1,657     1,400     1,339

EDUCATIONAL ATTAINMENT
 OF HOUSEHOLDER

 Total, 25 yrs & over..........   104,667     2,021       989     2,790     3,233     3,801     3,395     3,584     3,042     3,731     3,028     3,560
Less than 9th grade............     6,715       204       149       561       713       601       535       464       369       340       274       300
9th to 12th grade, no diploma..     9,282       335       185       599       650       673       541       553       477       513       380       431
High School graduate
(includes equivalency).........    31,857       673       317       928     1,058     1,452     1,301     1,388     1,244     1,443     1,155     1,361
Some college, no degree........    18,822       341       189       362       396       510       495       555       475       687       585       697
Associate Degree...............     8,508       107        55        93       162       231       175       222       176       267       216       284
Bachelor's Degree or more......    29,484       362        94       246       255       334       347       403       302       481       418       488
  Bachelor's Degree............    19,013       243        79       168       185       252       225       284       202       351       304       345
  Master's Degree..............     7,238        92         7        44        50        67        78        85        73        94        77        98
  Professional Degree..........     1,746        15         2        12        14        11        20        21        15        17        22        34
  Doctorate Degree.............     1,486        12         6        22         6         4        23        12        11        19        14        11

TENURE

Owner occupied.................    75,909     1,022       480     1,222     1,519     2,067     2,067     2,081     1,927     2,304     1,940     2,213
Renter occupied................    33,799     1,203       698     1,754     1,878     1,977     1,532     1,733     1,310     1,741     1,296     1,609
Occupier paid no cash
rent...........................     1,570        76        55        80       104        99        93        98        78        68        70        56
HINC-01. Selected Characteristics of Households, by Total Money Income in 2002

[Source:  U.S. Census Bureau, Current Population Survey, 2003 Annual Social and Economic Supplement. Numbers in thousands.
          Households as of March of the following year.  A.O.I.C. stands for alone or in combination]

                                  $27,500   $30,000   $32,500   $35,000   $37,500   $40,000   $42,500   $45,000   $47,500   $50,000   $52,500   $55,000
                                       to        to        to        to        to        to        to        to        to        to        to        to
                                  $29,999   $32,499   $34,999   $37,499   $39,999   $42,499   $44,999   $47,499   $49,999   $52,499   $54,999   $57,499

All Races
All Households.................     3,066     3,946     2,783     3,474     2,592     3,452     2,261     2,849     2,181     3,063     1,956     2,415

 TYPE OF RESIDENCE

Inside metro areas.............     2,331     3,081     2,143     2,756     2,011     2,710     1,773     2,261     1,714     2,486     1,551     1,984
  Inside central cities........       960     1,308       872     1,127       806     1,060       623       799       597       990       543       713
    One million or more........       596       826       539       697       537       657       396       491       387       607       331       458
    Under one million..........       363       481       333       429       269       404       226       308       210       383       213       255
  Outside central cities.......     1,371     1,773     1,271     1,629     1,205     1,649     1,151     1,462     1,117     1,497     1,008     1,271
    One million or more........       879     1,136       848     1,134       782     1,121       723     1,013       718       972       644       869
    Under one million..........       492       638       423       495       424       528       428       448       399       525       364       402
Outside metro areas............       735       865       640       718       581       743       487       588       467       577       405       431

REGIONS/DIVISIONS

Northeast......................       529       640       493       619       433       605       380       533       422       544       340       462
 New England...................       138       166       129       151       112       156       105       156       119       133       127       123
 Middle Atlantic...............       390       473       363       468       321       450       275       376       304       412       213       339
Midwest........................       747       911       655       782       625       816       536       678       538       738       517       582
 East North Central............       517       640       470       537       450       585       346       469       391       536       353       379
 West North Central............       230       271       186       245       175       231       190       208       147       202       163       203
South..........................     1,150     1,457     1,069     1,300       959     1,286       838     1,045       742     1,100       689       870
 South Atlantic................       615       772       580       662       429       648       473       614       407       591       353       446
 East South Central............       228       226       169       223       188       230       128       160       125       169       124       157
 West South Central............       306       459       321       415       342       408       237       272       210       340       212       267
West...........................       641       938       566       773       575       744       506       593       479       681       410       501
 Mountain......................       232       293       175       259       183       242       156       161       149       248       151       146
 Pacific.......................       409       645       391       515       392       502       351       432       330       433       259       355

TYPE OF HOUSEHOLD

Family households..............     2,032     2,552     1,872     2,290     1,716     2,280     1,712     2,049     1,622     2,182     1,481     1,916
 Married-couple families.......     1,373     1,722     1,252     1,606     1,221     1,642     1,242     1,520     1,218     1,700     1,178     1,502
 Male householder, nsp.........       143       221       155       173       142       219       134       154       100       171        96       131
 Female householder, nsp.......       515       609       466       512       353       419       336       374       305       311       207       283
Nonfamily households...........     1,034     1,394       911     1,184       876     1,173       549       799       559       882       475       498
 Male householder..............       526       642       399       612       434       598       266       412       284       492       278       275
   Living alone................       435       510       312       508       322       464       181       281       206       355       191       181
 Female householder............       509       752       512       572       442       575       282       387       275       390       197       223
   Living alone................       430       646       425       448       353       470       220       307       179       311       128       147

AGE OF HOUSEHOLDER

Under 65 years.................     2,200     3,111     2,087     2,853     2,052     2,921     1,792     2,465     1,855     2,713     1,694     2,145
  15 to 24 years...............       228       339       212       224       203       255       140       193       127       176        92       124
  25 to 34 years...............       546       833       469       744       500       725       399       627       409       668       371       553
  35 to 44 years...............       589       794       507       757       511       800       511       685       526       774       501       619
  45 to 54 years...............       432       628       465       655       497       677       420       543       480       672       439       519
  55 to 64 years...............       404       517       434       473       341       464       322       417       313       423       291       329
65 years and over..............       867       835       696       621       540       532       469       384       326       350       262       269
  65 to 74 years...............       450       440       365       341       304       333       293       228       197       226       167       162
  75 years and over............       417       395       331       281       237       199       176       156       129       124        95       108

Mean age of householder........      50.3      47.4      50.2      47.0      48.1      45.9      48.2      45.4      46.8      45.1      46.4      45.0
HINC-01. Selected Characteristics of Households, by Total Money Income in 2002

[Source:  U.S. Census Bureau, Current Population Survey, 2003 Annual Social and Economic Supplement. Numbers in thousands.
          Households as of March of the following year.  A.O.I.C. stands for alone or in combination]

                                  $27,500   $30,000   $32,500   $35,000   $37,500   $40,000   $42,500   $45,000   $47,500   $50,000   $52,500   $55,000
                                       to        to        to        to        to        to        to        to        to        to        to        to
                                  $29,999   $32,499   $34,999   $37,499   $39,999   $42,499   $44,999   $47,499   $49,999   $52,499   $54,999   $57,499

SIZE OF HOUSEHOLD

One person.....................       864     1,156       736       956       676       934       400       588       385       666       319       328
Two people.....................     1,219     1,433     1,087     1,293       947     1,222       924     1,003       800     1,037       697       899
Three people...................       385       569       433       520       417       535       362       533       451       588       377       482
Four people....................       341       431       302       395       294       488       324       441       326       448       360       416
Five people....................       160       202       143       190       178       173       163       170       139       205       120       171
Six people.....................        53       106        53        76        61        69        59        73        51        82        51        78
Seven people or more...........        44        49        29        45        20        32        29        39        30        38        33        40

Mean size of household.........      2.39      2.42      2.42      2.46      2.50      2.48      2.72      2.69      2.74      2.67      2.82      2.87

NUMBER OF EARNERS

No earners.....................       771       644       535       463       366       300       307       233       193       188       134       138
One earner.....................     1,470     2,223     1,331     1,834     1,203     1,790       835     1,149       849     1,344       660       806
Two earners or more............       825     1,079       917     1,177     1,023     1,363     1,119     1,466     1,138     1,531     1,161     1,470
  2 earners....................       727       960       801     1,053       884     1,194       959     1,252       943     1,305       940     1,233
  3 earners....................        94       110       106       105       126       148       131       186       161       175       189       199
  4 earners or more............         4         9        10        19        13        21        28        29        35        51        33        37

Mean number of earners.........      1.08      1.17      1.21      1.28      1.35      1.39      1.49      1.55      1.58      1.56      1.70      1.71

WORK EXPERIENCE OF
HOUSEHOLDER

     Total.....................     3,066     3,946     2,783     3,474     2,592     3,452     2,261     2,849     2,181     3,063     1,956     2,415
Worked.........................     1,951     2,788     1,939     2,575     1,897     2,705     1,653     2,282     1,742     2,577     1,598     2,020
  Worked at f-t jobs...........     1,627     2,340     1,603     2,247     1,659     2,373     1,398     2,033     1,510     2,315     1,405     1,777
    50 weeks or more...........     1,359     1,982     1,279     1,931     1,383     2,023     1,154     1,727     1,258     2,055     1,193     1,547
    27 to 49 weeks.............       154       252       195       225       199       241       172       200       169       180       138       179
    26 weeks or less...........       113       106       129        92        76       110        72       106        82        80        74        50
  Worked at p-t jobs...........       324       448       336       327       238       331       256       249       232       262       193       243
    50 weeks or more...........       198       221       182       187       135       200       134       169       145       151       133       138
    27 to 49 weeks.............        62       105        72        56        55        64        71        29        51        44        35        61
    26 weeks or less...........        64       121        83        85        48        68        51        51        37        67        25        44
Did not work...................     1,115     1,159       844       899       695       748       607       567       439       486       358       395

EDUCATIONAL ATTAINMENT
 OF HOUSEHOLDER

 Total, 25 yrs & over..........     2,838     3,607     2,571     3,250     2,389     3,198     2,121     2,656     2,055     2,887     1,864     2,290
Less than 9th grade............       200       273       147       213       133       153        88       106        77        90        61        48
9th to 12th grade, no diploma..       358       372       246       331       242       269       173       207       118       161       110       129
High School graduate
(includes equivalency).........     1,075     1,294       967     1,055       758     1,105       704       854       700       943       637       736
Some college, no degree........       546       701       552       627       504       632       486       539       444       547       435       494
Associate Degree...............       220       262       234       277       200       292       182       280       200       279       164       227
Bachelor's Degree or more......       439       704       426       748       553       746       488       669       516       866       458       657
  Bachelor's Degree............       316       528       298       512       375       519       343       478       332       607       292       458
  Master's Degree..............        88       143       108       171       144       161       120       153       145       195       128       163
  Professional Degree..........        19        23        12        43        15        42        16        24        16        30        19        23
  Doctorate Degree.............        16        11         8        22        19        24         9        14        23        34        19        13

TENURE

Owner occupied.................     1,910     2,357     1,770     2,156     1,737     2,198     1,578     1,974     1,592     2,176     1,425     1,755
Renter occupied................     1,114     1,504       989     1,267       810     1,208       659       838       558       847       520       625
Occupier paid no cash
rent...........................        42        85        24        52        45        46        24        36        31        40        11        35
HINC-01. Selected Characteristics of Households, by Total Money Income in 2002

[Source:  U.S. Census Bureau, Current Population Survey, 2003 Annual Social and Economic Supplement. Numbers in thousands.
          Households as of March of the following year.  A.O.I.C. stands for alone or in combination]

                                  $57,500   $60,000   $62,500   $65,000   $67,500   $70,000   $72,500   $75,000   $77,500   $80,000   $82,500   $85,000
                                       to        to        to        to        to        to        to        to        to        to        to        to
                                  $59,999   $62,499   $64,999   $67,499   $69,999   $72,499   $74,999   $77,499   $79,999   $82,499   $84,999   $87,499

All Races
All Households.................     1,792     2,472     1,761     1,980     1,420     2,000     1,456     1,979     1,260     1,649     1,188     1,297

 TYPE OF RESIDENCE

Inside metro areas.............     1,372     2,033     1,410     1,657     1,121     1,704     1,209     1,664     1,063     1,405     1,005     1,095
  Inside central cities........       482       713       440       548       354       504       373       498       306       438       292       313
    One million or more........       271       455       281       325       207       304       249       328       180       294       169       197
    Under one million..........       211       257       159       223       148       200       124       170       126       144       123       116
  Outside central cities.......       890     1,321       970     1,110       767     1,200       836     1,166       757       967       713       782
    One million or more........       589       895       659       751       522       865       595       896       525       673       527       566
    Under one million..........       301       426       311       359       245       335       241       270       232       294       187       216
Outside metro areas............       420       439       351       323       298       297       247       316       196       244       183       202

REGIONS/DIVISIONS

Northeast......................       313       440       342       364       278       385       270       407       252       323       202       273
 New England...................        76       108        93        93        93       114        75       112        69        76        67        86
 Middle Atlantic...............       237       333       250       270       185       271       194       295       183       247       135       187
Midwest........................       523       622       388       430       416       460       373       430       291       416       314       312
 East North Central............       359       436       261       302       291       328       257       306       198       283       207       200
 West North Central............       164       186       127       128       125       132       116       125        93       133       108       112
South..........................       601       808       663       747       441       650       527       688       447       529       420       417
 South Atlantic................       292       440       320       435       238       397       288       401       204       307       256       240
 East South Central............       101       139       105       144        72        93        89       102        79        73        57        67
 West South Central............       208       228       238       169       131       160       150       185       164       149       107       109
West...........................       355       602       368       440       284       506       287       454       270       382       251       295
 Mountain......................       116       188       102       135        84       140        86       119        80       107        68        83
 Pacific.......................       239       414       266       305       201       366       201       334       190       275       183       212

TYPE OF HOUSEHOLD

Family households..............     1,407     1,940     1,447     1,570     1,183     1,606     1,229     1,647     1,075     1,350     1,036     1,105
 Married-couple families.......     1,155     1,604     1,224     1,291       962     1,363     1,055     1,427       931     1,209       909       966
 Male householder, nsp.........        60       126        71       130        79       111        56        99        60        69        25        45
 Female householder, nsp.......       192       211       152       149       142       131       119       121        83        73       102        94
Nonfamily households...........       385       532       314       411       236       395       227       332       185       299       153       193
 Male householder..............       230       283       183       225       137       210       120       212       110       207        72       123
   Living alone................       130       173       111       136        81       130        71       147        74       145        50        48
 Female householder............       154       249       131       185        99       184       107       120        75        92        80        69
   Living alone................       104       181        85        89        61       115        67        75        33        58        39        39

AGE OF HOUSEHOLDER

Under 65 years.................     1,550     2,250     1,546     1,759     1,264     1,834     1,319     1,824     1,133     1,542     1,100     1,231
  15 to 24 years...............        84       105        41        73        37        77        52        67        34        51        27        33
  25 to 34 years...............       337       588       360       440       297       428       280       401       231       308       245       273
  35 to 44 years...............       427       626       428       539       355       565       405       557       340       461       327       375
  45 to 54 years...............       382       566       441       427       348       471       351       522       353       490       322       339
  55 to 64 years...............       320       365       277       280       228       293       230       277       175       232       180       211
65 years and over..............       242       222       215       221       156       167       137       156       127       107        88        66
  65 to 74 years...............       150       149       143       177        95       107       112       114        73        70        52        43
  75 years and over............        91        74        71        44        61        60        25        41        54        37        36        23

Mean age of householder........      46.9      44.5      46.8      45.0      46.4      44.8      45.4      44.8      46.1      45.0      45.3      44.6
HINC-01. Selected Characteristics of Households, by Total Money Income in 2002

[Source:  U.S. Census Bureau, Current Population Survey, 2003 Annual Social and Economic Supplement. Numbers in thousands.
          Households as of March of the following year.  A.O.I.C. stands for alone or in combination]

                                  $57,500   $60,000   $62,500   $65,000   $67,500   $70,000   $72,500   $75,000   $77,500   $80,000   $82,500   $85,000
                                       to        to        to        to        to        to        to        to        to        to        to        to
                                  $59,999   $62,499   $64,999   $67,499   $69,999   $72,499   $74,999   $77,499   $79,999   $82,499   $84,999   $87,499

SIZE OF HOUSEHOLD

One person.....................       235       354       196       225       142       245       138       222       107       204        89        86
Two people.....................       715       871       685       726       542       716       527       724       424       580       420       493
Three people...................       333       503       354       389       287       410       287       394       264       311       249       292
Four people....................       289       462       311       396       254       398       305       397       285       351       251       262
Five people....................       143       180       127       164       119       158       127       158       113       144       112       119
Six people.....................        50        70        56        47        43        37        43        58        47        36        40        23
Seven people or more...........        29        33        32        33        32        36        29        26        21        23        28        22

Mean size of household.........      2.86      2.89      2.94      2.96      3.01      2.94      3.09      2.98      3.15      2.96      3.18      3.06

NUMBER OF EARNERS

No earners.....................       141        91       102        83        78        82        49        79        51        52        46        22
One earner.....................       496       852       452       517       346       597       350       589       296       466       212       261
Two earners or more............     1,154     1,530     1,207     1,381       996     1,322     1,057     1,312       913     1,131       930     1,014
  2 earners....................       926     1,281     1,003     1,116       760     1,075       805     1,065       684       901       679       791
  3 earners....................       176       207       159       196       191       195       198       190       164       174       185       180
  4 earners or more............        52        41        45        69        44        52        54        57        64        55        66        44

Mean number of earners.........      1.77      1.74      1.83      1.88      1.89      1.82      1.97      1.82      1.98      1.86      2.09      2.02

WORK EXPERIENCE OF
HOUSEHOLDER

     Total.....................     1,792     2,472     1,761     1,980     1,420     2,000     1,456     1,979     1,260     1,649     1,188     1,297
Worked.........................     1,495     2,151     1,503     1,725     1,205     1,754     1,277     1,721     1,080     1,469     1,057     1,172
  Worked at f-t jobs...........     1,326     1,909     1,352     1,509     1,083     1,584     1,172     1,544       970     1,334       953     1,084
    50 weeks or more...........     1,129     1,721     1,204     1,313       913     1,413     1,027     1,418       859     1,193       867       966
    27 to 49 weeks.............       136       137       112       146       117       126        88        81        79        94        71        85
    26 weeks or less...........        61        51        36        49        52        45        57        45        33        48        15        33
  Worked at p-t jobs...........       168       242       150       217       123       170       105       177       109       135       104        89
    50 weeks or more...........        90       140        89       140        70       104        52       105        68        74        60        59
    27 to 49 weeks.............        38        46        37        34        30        34        40        45        24        29        29        20
    26 weeks or less...........        40        56        24        43        23        31        14        28        17        32        15        10
Did not work...................       297       321       258       255       214       246       179       259       180       180       131       125

EDUCATIONAL ATTAINMENT
 OF HOUSEHOLDER

 Total, 25 yrs & over..........     1,708     2,367     1,720     1,907     1,383     1,923     1,404     1,913     1,225     1,598     1,162     1,264
Less than 9th grade............        63        53        42        59        40        21        16        52        16        27        27        13
9th to 12th grade, no diploma..       105       121        82        92        65        66        53        52        46        49        43        44
High School graduate
(includes equivalency).........       529       710       532       569       388       544       417       466       341       435       329       294
Some college, no degree........       382       445       354       384       308       383       252       358       231       295       215       242
Associate Degree...............       155       267       207       168       142       213       154       208       148       155        85       144
Bachelor's Degree or more......       474       771       502       635       440       696       512       776       442       638       462       527
  Bachelor's Degree............       336       501       349       434       286       450       349       509       265       413       311       361
  Master's Degree..............       106       223       110       155       105       186       129       202       136       156       100       126
  Professional Degree..........        12        19        26        26        25        25        13        29        19        31        26        25
  Doctorate Degree.............        21        28        18        20        23        34        22        36        22        38        25        15

TENURE

Owner occupied.................     1,394     1,889     1,444     1,536     1,129     1,588     1,202     1,611     1,023     1,354       985     1,102
Renter occupied................       375       568       298       432       283       392       248       360       230       286       202       193
Occupier paid no cash
rent...........................        23        16        19        12         8        20         6         9         7         9         1         2
HINC-01. Selected Characteristics of Households, by Total Money Income in 2002

[Source:  U.S. Census Bureau, Current Population Survey, 2003 Annual Social and Economic Supplement. Numbers in thousands.
          Households as of March of the following year.  A.O.I.C. stands for alone or in combination]

                                  $87,500   $90,000   $92,500   $95,000   $97,500  $100,000        Median income                Mean income
                                       to        to        to        to        to       and                    Standard                    Standard
                                  $89,999   $92,499   $94,999   $97,499   $99,999      over  Value (Dol.)  error (Dol.)  Value (Dol.)  error (Dol.)

All Races
All Households.................       905     1,274       867     1,020       791    15,676        42,409           139        57,852           217

 TYPE OF RESIDENCE

Inside metro areas.............       766     1,097       762       894       694    14,320        45,257           177        61,091           255
  Inside central cities........       195       312       223       243       220     3,898        36,863           217        52,160           372
    One million or more........       133       219       131       152       145     2,715        37,752           349        54,267           500
    Under one million..........        61        94        92        91        75     1,183        35,514           346        48,572           531
  Outside central cities.......       572       784       540       651       474    10,422        50,717           212        66,389           339
    One million or more........       400       556       349       497       352     8,167        54,205           409        70,884           442
    Under one million..........       171       228       191       154       122     2,255        44,216           414        56,463           473
Outside metro areas............       138       178       105       126        97     1,356        34,654           370        44,096           403

REGIONS/DIVISIONS

Northeast......................       193       282       166       229       168     3,609        45,862           344        62,906           550
 New England...................        48        76        53        60        57     1,036        48,608           657        64,118           781
 Middle Atlantic...............       145       206       113       170       111     2,573        44,771           537        62,463           682
Midwest........................       224       283       231       227       189     3,337        43,622           381        56,918           395
 East North Central............       150       187       155       159       123     2,319        42,785           471        56,262           482
 West North Central............        74        96        76        69        66     1,018        45,136           477        58,438           660
South..........................       273       410       273       304       245     4,858        39,522           298        54,063           363
 South Atlantic................       139       220       146       156       129     2,827        41,467           318        55,625           477
 East South Central............        47        61        28        50        45       671        36,155           489        49,630           745
 West South Central............        86       128        98        98        72     1,360        38,129           481        53,837           769
West...........................       215       300       197       260       189     3,872        45,143           410        60,676           518
 Mountain......................        73        91        45        64        56       861        41,770           391        54,901           609
 Pacific.......................       142       209       152       195       133     3,011        46,507           486        63,087           705

TYPE OF HOUSEHOLD

Family households..............       781     1,099       755       868       680    13,742        52,704           241        67,931           288
 Married-couple families.......       716       995       687       784       611    12,731        61,254           199        76,499           355
 Male householder, nsp.........        20        46        24        26        27       403        41,711           416        52,622           898
 Female householder, nsp.......        46        59        44        58        43       609        29,001           302        37,107           348
Nonfamily households...........       124       175       113       152       111     1,934        25,406           171        36,499           250
 Male householder..............        62        97        77        99        54     1,175        31,404           263        43,151           428
   Living alone................        37        50        43        55        20       650        26,808           257        37,520           452
 Female householder............        62        78        36        53        57       759        20,913           192        31,080           284
   Living alone................        28        54        19        30        36       391        17,888           220        26,602           268

AGE OF HOUSEHOLDER

Under 65 years.................       824     1,194       797       948       719    14,561        49,510           214        63,845           256
  15 to 24 years...............        23        39        20        22        25       214        27,828           455        35,520           555
  25 to 34 years...............       140       220       112       161       106     2,057        45,330           294        54,633           404
  35 to 44 years...............       236       375       251       301       205     4,346        53,521           413        68,310           510
  45 to 54 years...............       271       373       274       292       255     5,069        59,021           525        74,934           594
  55 to 64 years...............       155       187       141       171       127     2,875        47,203           427        64,118           611
65 years and over..............        81        81        70        72        72     1,116        23,152           188        34,415           314
  65 to 74 years...............        45        42        59        40        58       766        28,173           316        40,072           441
  75 years and over............        35        38        12        32        15       349        19,300           205        28,727           440

Mean age of householder........      47.1      45.2      46.7      46.3      47.1      47.1           (X)           (X)           (X)           (X)
HINC-01. Selected Characteristics of Households, by Total Money Income in 2002

[Source:  U.S. Census Bureau, Current Population Survey, 2003 Annual Social and Economic Supplement. Numbers in thousands.
          Households as of March of the following year.  A.O.I.C. stands for alone or in combination]

                                  $87,500   $90,000   $92,500   $95,000   $97,500  $100,000        Median income                Mean income
                                       to        to        to        to        to       and                    Standard                    Standard
                                  $89,999   $92,499   $94,999   $97,499   $99,999      over  Value (Dol.)  error (Dol.)  Value (Dol.)  error (Dol.)

SIZE OF HOUSEHOLD

One person.....................        64       103        62        85        55     1,041        21,523           143        31,244           249
Two people.....................       320       429       272       348       251     5,283        45,556           256        60,478           386
Three people...................       182       303       235       218       184     3,234        54,783           445        67,666           536
Four people....................       217       276       189       241       193     3,652        62,467           445        76,905           652
Five people....................        85       108        74        87        74     1,681        61,623           623        78,965         1,095
Six people.....................        22        32        28        27        25       533        56,097           856        72,058         1,492
Seven people or more...........        16        22         7        14         9       252        56,352         1,255        73,813         2,602

Mean size of household.........      3.14      3.10      3.13      3.11      3.19      3.23           (X)           (X)           (X)           (X)

NUMBER OF EARNERS

No earners.....................        32        34        21        31        30       358        15,401           116        21,672           155
One earner.....................       146       271       154       206       123     3,130        34,799           201        47,600           328
Two earners or more............       727       969       692       783       639    12,188        69,372           293        84,090           374
  2 earners....................       528       744       479       594       426     8,726        65,544           234        80,923           426
  3 earners....................       144       184       169       140       141     2,311        80,209           665        92,083           852
  4 earners or more............        55        41        45        49        72     1,151        98,845           908       110,871         1,528

Mean number of earners.........      2.10      1.99      2.13      2.02      2.18      2.13           (X)           (X)           (X)           (X)

WORK EXPERIENCE OF
HOUSEHOLDER

     Total.....................       905     1,274       867     1,020       791    15,676        42,409           139        57,852           217
Worked.........................       802     1,148       785       914       704    14,173        53,782           233        68,685           276
  Worked at f-t jobs...........       734     1,041       724       822       646    12,862        56,548           194        71,415           301
    50 weeks or more...........       652       941       657       734       552    11,730        60,010           230        74,716           333
    27 to 49 weeks.............        59        78        53        67        71       820        45,185           568        58,586           837
    26 weeks or less...........        23        22        13        21        22       312        30,384           763        44,574         1,077
  Worked at p-t jobs...........        68       107        61        92        58     1,310        36,605           432        52,461           656
    50 weeks or more...........        43        62        39        56        30       772        41,216           519        56,713           946
    27 to 49 weeks.............        11        24        10        23        15       321        37,314         1,189        54,015         1,332
    26 weeks or less...........        14        21        13        13        14       218        27,790         1,001        41,618         1,182
Did not work...................       103       126        83       106        87     1,504        20,991           147        32,607           279

EDUCATIONAL ATTAINMENT
 OF HOUSEHOLDER

 Total, 25 yrs & over..........       882     1,235       848       998       767    15,463        44,039           204        59,263           227
Less than 9th grade............        15         8         6        16         8       134        18,380           296        26,529           443
9th to 12th grade, no diploma..        20        34        26        27        29       277        23,267           338        32,329           521
High School graduate
(includes equivalency).........       211       298       181       188       167     2,111        35,646           226        45,575           299
Some college, no degree........       144       222       195       162       132     2,317        45,333           340        56,947           502
Associate Degree...............       112       124        92        85        70     1,172        51,058           441        59,929           586
Bachelor's Degree or more......       381       549       347       520       360     9,452        73,600           447        91,273           558
  Bachelor's Degree............       241       348       224       339       216     5,384        69,156           643        83,449           617
  Master's Degree..............       120       153        87       111       104     2,442        76,470           563        94,492         1,116
  Professional Degree..........        11        31        17        35        18       896       100,000          (NA)       137,654         3,627
  Doctorate Degree.............         8        17        19        36        23       730        98,632         6,480       121,211         3,050

TENURE

Owner occupied.................       780     1,079       762       876       682    14,002        52,113           169        67,342           286
Renter occupied................       115       190       102       140       106     1,608        27,880           220        37,694           270
Occupier paid no cash
rent...........................        10         5         3         4         3        66        23,728           754        32,985         1,056
HINC-01. Selected Characteristics of Households, by Total Money Income in 2002

[Source:  U.S. Census Bureau, Current Population Survey, 2003 Annual Social and Economic Supplement. Numbers in thousands.
          Households as of March of the following year.  A.O.I.C. stands for alone or in combination]

                                                                            Income per
                                                                         household member
                                        Gini ratio                                  Standard
                                                  Standard                             error
                                       ratio         error    B-Cell  Value (Dol.)    (Dol.)

All Races
All Households.................        0.448        0.0026     1,140        22,532        96

 TYPE OF RESIDENCE

Inside metro areas.............        0.447        0.0028     1,140        23,611       109
  Inside central cities........        0.467        0.0048     1,140        21,139       173
    One million or more........        0.472        0.0060     1,140        21,611       230
    Under one million..........        0.455        0.0078     1,140        20,295       267
  Outside central cities.......        0.431        0.0035     1,140        24,973       145
    One million or more........        0.427        0.0042     1,140        26,423       190
    Under one million..........        0.427        0.0063     1,140        21,674       222
Outside metro areas............        0.425        0.0071     1,710        17,755       200

REGIONS/DIVISIONS

Northeast......................        0.455        0.0055     1,015        24,713       249
 New England...................        0.440        0.0085       684        25,928       386
 Middle Atlantic...............        0.461        0.0066     1,063        24,286       303
Midwest........................        0.434        0.0050     1,037        22,608       188
 East North Central............        0.437        0.0064     1,151        22,266       232
 West North Central............        0.426        0.0079       764        23,412       319
South..........................        0.455        0.0046     1,300        21,306       165
 South Atlantic................        0.448        0.0062     1,288        22,349       230
 East South Central............        0.462        0.0104     1,106        20,087       360
 West South Central............        0.463        0.0091     1,436        20,239       332
West...........................        0.441        0.0060     1,402        22,562       227
 Mountain......................        0.426        0.0084       798        20,836       285
 Pacific.......................        0.444        0.0077     1,642        23,261       308

TYPE OF HOUSEHOLD

Family households..............        0.409        0.0031     1,140        21,273       103
 Married-couple families.......        0.380        0.0035     1,140        23,782       128
 Male householder, nsp.........        0.395        0.0127     1,140        16,911       347
 Female householder, nsp.......        0.434        0.0073     1,140        11,884       135
Nonfamily households...........        0.477        0.0048     1,140        29,388       261
 Male householder..............        0.462        0.0070     1,140        32,575       425
   Living alone................        0.470        0.0082     1,140        37,520       622
 Female householder............        0.477        0.0065     1,140        26,459       324
   Living alone................        0.463        0.0071     1,140        26,602       373

AGE OF HOUSEHOLDER

Under 65 years.................        0.426        0.0028     1,140        22,925       103
  15 to 24 years...............        0.436        0.0108     1,140        14,320       267
  25 to 34 years...............        0.396        0.0060     1,140        19,114       176
  35 to 44 years...............        0.408        0.0054     1,140        21,094       185
  45 to 54 years...............        0.405        0.0055     1,140        27,093       254
  55 to 64 years...............        0.450        0.0066     1,140        29,440       341
65 years and over..............        0.463        0.0062     1,140        20,036       220
  65 to 74 years...............        0.452        0.0084     1,140        21,345       297
  75 years and over............        0.454        0.0094     1,140        18,450       331

Mean age of householder........          (X)           (X)       1.0           (X)       (X)
HINC-01. Selected Characteristics of Households, by Total Money Income in 2002

[Source:  U.S. Census Bureau, Current Population Survey, 2003 Annual Social and Economic Supplement. Numbers in thousands.
          Households as of March of the following year.  A.O.I.C. stands for alone or in combination]

                                                                            Income per
                                                                         household member
                                        Gini ratio                                  Standard
                                                  Standard                             error
                                       ratio         error    B-Cell  Value (Dol.)    (Dol.)

SIZE OF HOUSEHOLD

One person.....................        0.475        0.0054     1,140        31,244       335
Two people.....................        0.421        0.0045     1,140        29,832       227
Three people...................        0.392        0.0062     1,140        21,971       213
Four people....................        0.379        0.0065     1,140        18,986       194
Five people....................        0.393        0.0099     1,140        15,654       256
Six people.....................        0.400        0.0166     1,140        11,855       300
Seven people or more...........        0.405        0.0234     1,140         9,529       386

Mean size of household.........          (X)           (X)      1.00           (X)       (X)

NUMBER OF EARNERS

No earners.....................        0.458        0.0060     1,140        13,499       128
One earner.....................        0.433        0.0047     1,140        21,742       171
Two earners or more............        0.328        0.0038     1,140        25,073       135
  2 earners....................        0.340        0.0043     1,140        26,318       167
  3 earners....................        0.283        0.0095     1,140        22,179       281
  4 earners or more............        0.237        0.0164     1,140        20,433       416

Mean number of earners.........          (X)           (X)      1.00           (X)       (X)

WORK EXPERIENCE OF
HOUSEHOLDER

     Total.....................        0.448        0.0026     1,140        22,532        96
Worked.........................        0.395        0.0030     1,140        24,936       114
  Worked at f-t jobs...........        0.380        0.0032     1,140        25,735       126
    50 weeks or more...........        0.367        0.0035     1,140        26,736       140
    27 to 49 weeks.............        0.405        0.0106     1,140        21,807       380
    26 weeks or less...........        0.487        0.0146     1,140        16,902       466
  Worked at p-t jobs...........        0.471        0.0083     1,140        19,934       291
    50 weeks or more...........        0.448        0.0113     1,140        21,531       424
    27 to 49 weeks.............        0.469        0.0174     1,140        20,573       612
    26 weeks or less...........        0.514        0.0173     1,140        15,812       513
Did not work...................        0.503        0.0053     1,140        15,293       147

EDUCATIONAL ATTAINMENT
 OF HOUSEHOLDER

 Total, 25 yrs & over..........        0.446        0.0026     1,140        23,032        99
Less than 9th grade............        0.455        0.0113     1,140        10,115       196
9th to 12th grade, no diploma..        0.460        0.0097     1,140        12,461       226
High School graduate
(includes equivalency).........        0.419        0.0047     1,140        18,063       140
Some college, no degree........        0.410        0.0061     1,140        21,922       230
Associate Degree...............        0.378        0.0087     1,140        22,536       295
Bachelor's Degree or more......        0.367        0.0047     1,140        35,535       267
  Bachelor's Degree............        0.374        0.0059     1,140        32,230       300
  Master's Degree..............        0.349        0.0094     1,140        37,944       579
  Professional Degree..........        0.181        0.0171     1,140        52,135     1,715
  Doctorate Degree.............        0.296        0.0196     1,140        46,597     1,542

TENURE

Owner occupied.................        0.418        0.0030     1,140        25,240       121
Renter occupied................        0.457        0.0049     1,140        16,034       133
Occupier paid no cash
rent...........................        0.467        0.0224     1,140        13,902       536

Race Footnotes


Source: U.S. Census Bureau
Contact: Housing and Household Economic Statistics Information Staff at (301)763-3242
Last revised: July 14, 2004