HINC-01. Selected Characteristics of Households, by Total Money Income in 2003

[Source:  U.S. Census Bureau, Current Population Survey, 2004 Annual Social and Economic Supplement. Numbers in thousands.
          Households as of March of the following year.  A.O.I.C. stands for alone or in combination]

                                                       $2,500    $5,000    $7,500   $10,000   $12,500   $15,000   $17,500   $20,000   $22,500   $25,000
                                              Under        to        to        to        to        to        to        to        to        to        to
                                    Total    $2,500    $4,999    $7,499    $9,999   $12,499   $14,999   $17,499   $19,999   $22,499   $24,999   $27,499

All Races
All Households.................   112,000     2,535     1,266     2,717     3,593     4,032     3,708     3,933     3,501     3,888     3,327     3,683

 TYPE OF RESIDENCE

Inside metro areas.............    90,613     2,097       977     2,092     2,652     3,039     2,744     2,993     2,668     3,019     2,565     2,784
  Inside central cities........    33,717     1,065       515     1,104     1,368     1,407     1,298     1,338     1,149     1,319     1,093     1,186
    One million or more........    21,146       704       321       678       868       878       793       795       680       766       633       689
    Under one million..........    12,571       361       194       425       500       529       505       543       468       553       460       497
  Outside central cities.......    56,896     1,032       462       988     1,284     1,633     1,447     1,656     1,519     1,700     1,473     1,598
    One million or more........    39,112       726       291       608       821     1,034       935     1,059       977     1,072       906     1,024
    Under one million..........    17,784       306       171       381       463       599       511       597       542       628       567       574
Outside metro areas............    21,387       438       289       626       941       992       964       940       833       869       762       899

REGIONS/DIVISIONS

Northeast......................    21,017       477       232       506       717       817       712       703       593       665       575       647
 New England...................     5,589       119        51       116       185       200       220       189       124       151       164       151
 Middle Atlantic...............    15,428       359       181       390       532       617       492       515       468       515       411       496
Midwest........................    25,643       501       261       561       760       869       768       901       775       868       748       855
 East North Central............    17,806       362       188       390       531       623       533       587       522       608       513       630
 West North Central............     7,837       139        73       171       229       246       235       314       253       260       235       225
South..........................    40,742     1,055       541     1,181     1,356     1,551     1,462     1,516     1,396     1,562     1,325     1,466
 South Atlantic................    21,487       543       254       591       584       774       705       756       698       760       674       740
 East South Central............     6,963       170        95       261       306       294       262       278       258       298       216       264
 West South Central............    12,292       343       191       330       465       484       495       482       440       504       435       462
West...........................    24,598       501       232       469       760       795       766       813       739       793       678       715
 Mountain......................     7,293       160        63       166       179       233       252       246       228       256       224       267
 Pacific.......................    17,304       342       169       303       580       561       514       567       511       537       454       448

TYPE OF HOUSEHOLD

Family households..............    76,217     1,209       609       909     1,037     1,457     1,539     2,013     1,995     2,261     1,978     2,336
 Married-couple families.......    57,719       575       187       293       394       624       788     1,142     1,247     1,399     1,290     1,547
 Male householder, nsp.........     4,717       102        43        66        79       118       102       174       164       204       126       162
 Female householder, nsp.......    13,781       532       379       550       564       716       649       697       584       657       562       627
Nonfamily households...........    35,783     1,326       657     1,808     2,555     2,574     2,169     1,920     1,506     1,627     1,349     1,347
 Male householder..............    16,136       602       268       570       774       837       756       740       628       710       546       598
   Living alone................    12,562       551       255       532       723       770       683       677       544       613       433       512
 Female householder............    19,647       724       389     1,238     1,781     1,738     1,413     1,180       878       918       803       750
   Living alone................    17,024       668       379     1,192     1,743     1,687     1,350     1,113       810       834       708       674

AGE OF HOUSEHOLDER

Under 65 years.................    88,951     2,143       995     1,865     1,891     2,120     2,025     2,359     2,122     2,705     2,210     2,680
  15 to 24 years...............     6,610       366       240       318       254       295       293       353       286       391       289       269
  25 to 34 years...............    19,159       469       249       355       352       500       460       571       471       691       544       635
  35 to 44 years...............    23,222       439       174       334       399       452       401       543       502       631       454       675
  45 to 54 years...............    23,137       444       176       389       390       443       401       439       411       539       459       609
  55 to 64 years...............    16,824       424       155       470       497       431       469       453       452       454       464       493
65 years and over..............    23,048       392       271       852     1,702     1,911     1,684     1,575     1,380     1,183     1,117     1,003
  65 to 74 years...............    11,499       164       133       349       677       639       623       646       594       526       539       458
  75 years and over............    11,550       229       138       503     1,024     1,273     1,060       929       785       657       578       545

Mean age of householder........      49.0      45.5      45.5      52.4      58.5      57.9      57.2      54.3      54.6      50.5      52.3      50.4
HINC-01. Selected Characteristics of Households, by Total Money Income in 2003

[Source:  U.S. Census Bureau, Current Population Survey, 2004 Annual Social and Economic Supplement. Numbers in thousands.
          Households as of March of the following year.  A.O.I.C. stands for alone or in combination]

                                                       $2,500    $5,000    $7,500   $10,000   $12,500   $15,000   $17,500   $20,000   $22,500   $25,000
                                              Under        to        to        to        to        to        to        to        to        to        to
                                    Total    $2,500    $4,999    $7,499    $9,999   $12,499   $14,999   $17,499   $19,999   $22,499   $24,999   $27,499

SIZE OF HOUSEHOLD

One person.....................    29,586     1,219       634     1,723     2,466     2,457     2,033     1,790     1,354     1,448     1,141     1,187
Two people.....................    37,366       699       312       491       560       878       864     1,176     1,234     1,345     1,258     1,377
Three people...................    17,968       307       148       248       266       317       361       432       444       473       417       483
Four people....................    16,065       172        93       148       167       217       240       316       259       329       313       372
Five people....................     7,150        78        48        64        98       106       157       156       108       188       129       176
Six people.....................     2,476        38        15        27        24        31        32        43        66        61        47        56
Seven people or more...........     1,388        23        15        16        11        27        21        20        37        44        21        31

Mean size of household.........      2.57      1.99      1.98      1.71      1.61      1.74      1.88      2.02      2.12      2.20      2.20      2.28

NUMBER OF EARNERS

No earners.....................    23,932     1,931       710     1,874     2,535     2,407     2,050     1,733     1,453     1,204     1,121       969
One earner.....................    40,769       514       506       740       958     1,422     1,407     1,839     1,651     2,136     1,607     1,982
Two earners or more............    47,299        89        50       103        99       203       252       361       397       547       599       732
  2 earners....................    37,917        81        48       101        94       195       248       342       376       513       570       662
  3 earners....................     6,998         7         2         2         5         8         4        16        18        26        29        68
  4 earners or more............     2,384         0         0         0         0         0         0         3         4         8         0         2

Mean number of earners.........      1.36      0.28      0.48      0.35      0.33      0.46      0.53      0.67      0.72      0.86      0.87      0.97

WORK EXPERIENCE OF
HOUSEHOLDER

     Total.....................   112,000     2,535     1,266     2,717     3,593     4,032     3,708     3,933     3,501     3,888     3,327     3,683
Worked.........................    77,597       543       484       750       888     1,392     1,425     1,849     1,696     2,290     1,869     2,263
  Worked at f-t jobs...........    66,138       332       236       381       456       876       934     1,368     1,322     1,843     1,485     1,874
    50 weeks or more...........    55,952       182        59       132       210       521       562       928       975     1,429     1,142     1,498
    27 to 49 weeks.............     6,393        52        30       102        99       178       199       253       206       237       185       247
    26 weeks or less...........     3,792        99       146       147       148       176       173       188       141       176       158       129
  Worked at p-t jobs...........    11,459       211       248       369       432       516       491       480       374       447       384       390
    50 weeks or more...........     6,211        52        70       149       172       280       223       274       199       262       217       209
    27 to 49 weeks.............     2,435        18        29        92       118        98       121        98        85        84        74        62
    26 weeks or less...........     2,813       142       149       128       142       139       146       109        90       101        93       119
Did not work...................    34,403     1,991       782     1,968     2,704     2,639     2,283     2,085     1,805     1,598     1,458     1,420

EDUCATIONAL ATTAINMENT
 OF HOUSEHOLDER

 Total, 25 yrs & over..........   105,390     2,169     1,025     2,399     3,339     3,737     3,415     3,581     3,215     3,497     3,038     3,414
Less than 9th grade............     6,385       267       142       425       694       616       409       456       358       342       282       303
9th to 12th grade, no diploma..     9,043       321       196       531       594       714       623       539       492       481       378       386
High School graduate
(includes equivalency).........    31,860       759       341       813     1,062     1,259     1,271     1,329     1,230     1,346     1,100     1,303
Some college, no degree........    18,837       296       155       334       502       579       570       564       532       685       599       613
Associate Degree...............     9,117       135        58       102       181       206       220       210       190       245       221       277
Bachelor's Degree or more......    30,149       392       134       194       306       363       323       483       413       397       459       533
  Bachelor's Degree............    19,307       244       102       137       225       255       228       322       306       276       342       373
  Master's Degree..............     7,449        90        28        37        55        70        66       117        77        87        76       115
  Professional Degree..........     1,834        24         0        11        14        19        17        35        20        23        18        28
  Doctorate Degree.............     1,558        34         3         9        11        19        12        10        11        11        22        16

TENURE

Owner occupied.................    77,092     1,153       467     1,036     1,565     2,019     1,956     2,139     1,975     2,161     1,978     2,196
Renter occupied................    33,414     1,267       748     1,608     1,932     1,926     1,670     1,719     1,458     1,659     1,282     1,412
Occupier paid no cash
rent...........................     1,494       115        51        73        96        87        82        76        69        68        67        75
HINC-01. Selected Characteristics of Households, by Total Money Income in 2003

[Source:  U.S. Census Bureau, Current Population Survey, 2004 Annual Social and Economic Supplement. Numbers in thousands.
          Households as of March of the following year.  A.O.I.C. stands for alone or in combination]

                                  $27,500   $30,000   $32,500   $35,000   $37,500   $40,000   $42,500   $45,000   $47,500   $50,000   $52,500   $55,000
                                       to        to        to        to        to        to        to        to        to        to        to        to
                                  $29,999   $32,499   $34,999   $37,499   $39,999   $42,499   $44,999   $47,499   $49,999   $52,499   $54,999   $57,499

All Races
All Households.................     3,035     3,882     2,677     3,417     2,607     3,420     2,381     2,721     2,227     3,012     1,963     2,343

 TYPE OF RESIDENCE

Inside metro areas.............     2,365     3,007     2,114     2,689     2,061     2,663     1,861     2,161     1,805     2,416     1,546     1,911
  Inside central cities........     1,013     1,227       803     1,122       811     1,055       707       790       597       895       555       629
    One million or more........       598       778       480       715       483       632       441       486       345       578       339       394
    Under one million..........       414       449       323       408       328       423       266       304       252       317       216       235
  Outside central cities.......     1,352     1,781     1,311     1,567     1,249     1,609     1,154     1,371     1,208     1,521       991     1,282
    One million or more........       854     1,164       824     1,062       803     1,068       795       923       804     1,041       641       881
    Under one million..........       498       617       487       504       447       541       359       448       404       480       349       401
Outside metro areas............       670       875       563       727       546       756       520       560       423       597       417       431

REGIONS/DIVISIONS

Northeast......................       479       602       436       641       436       562       383       464       373       535       304       424
 New England...................       123       163       100       157       105       138       110       125       104       137        75       103
 Middle Atlantic...............       355       439       337       483       331       424       273       339       269       398       229       321
Midwest........................       725       891       633       793       630       773       573       610       546       725       534       503
 East North Central............       493       654       438       556       440       550       381       426       361       498       380       330
 West North Central............       231       238       195       236       190       223       192       185       186       227       154       174
South..........................     1,203     1,499     1,051     1,254     1,026     1,333       901     1,036       823     1,104       678       882
 South Atlantic................       636       733       541       664       500       715       475       534       475       612       349       503
 East South Central............       211       279       173       179       197       204       156       206       133       198       130       115
 West South Central............       356       488       337       410       328       415       270       297       214       293       199       264
West...........................       628       889       557       729       515       752       523       610       485       648       447       534
 Mountain......................       219       274       188       237       173       220       157       183       153       222       126       197
 Pacific.......................       409       615       369       493       342       531       367       427       332       426       322       337

TYPE OF HOUSEHOLD

Family households..............     1,994     2,412     1,791     2,230     1,833     2,259     1,699     1,923     1,646     2,097     1,476     1,785
 Married-couple families.......     1,296     1,625     1,154     1,541     1,270     1,674     1,242     1,467     1,296     1,663     1,137     1,402
 Male householder, nsp.........       181       209       157       171       161       178       118       138        87       130       119       151
 Female householder, nsp.......       517       578       480       518       402       407       339       318       263       303       220       232
Nonfamily households...........     1,041     1,470       886     1,186       774     1,160       682       797       581       915       487       558
 Male householder..............       439       779       403       585       392       613       331       439       289       540       262       301
   Living alone................       324       658       320       443       317       505       222       336       178       404       185       211
 Female householder............       601       691       483       602       382       547       350       358       293       375       226       256
   Living alone................       540       590       398       533       308       450       283       287       223       293       172       187

AGE OF HOUSEHOLDER

Under 65 years.................     2,175     3,155     2,018     2,801     2,039     2,883     1,940     2,339     1,830     2,666     1,679     2,021
  15 to 24 years...............       260       364       186       243       158       202       157       167       120       149       127        81
  25 to 34 years...............       525       858       499       743       493       715       494       604       430       659       362       503
  35 to 44 years...............       551       718       498       715       502       748       539       634       441       800       451       561
  45 to 54 years...............       449       673       426       631       487       740       406       543       504       651       422       503
  55 to 64 years...............       389       543       408       469       398       479       343       391       335       407       318       373
65 years and over..............       860       727       659       616       568       536       441       382       398       346       284       322
  65 to 74 years...............       469       401       336       352       337       314       238       257       256       208       182       191
  75 years and over............       391       326       323       263       231       222       203       125       142       137       103       131

Mean age of householder........      50.2      46.5      49.6      46.7      48.7      46.7      47.2      45.7      47.7      45.1      46.7      46.5
HINC-01. Selected Characteristics of Households, by Total Money Income in 2003

[Source:  U.S. Census Bureau, Current Population Survey, 2004 Annual Social and Economic Supplement. Numbers in thousands.
          Households as of March of the following year.  A.O.I.C. stands for alone or in combination]

                                  $27,500   $30,000   $32,500   $35,000   $37,500   $40,000   $42,500   $45,000   $47,500   $50,000   $52,500   $55,000
                                       to        to        to        to        to        to        to        to        to        to        to        to
                                  $29,999   $32,499   $34,999   $37,499   $39,999   $42,499   $44,999   $47,499   $49,999   $52,499   $54,999   $57,499

SIZE OF HOUSEHOLD

One person.....................       864     1,248       718       976       624       955       506       623       401       696       357       399
Two people.....................     1,129     1,327     1,090     1,179       986     1,173       872       953       922     1,001       698       882
Three people...................       415       539       348       548       424       509       435       451       377       565       360       401
Four people....................       359       417       288       404       340       431       323       392       277       472       319       418
Five people....................       167       209       136       204       143       231       160       184       168       202       152       156
Six people.....................        66        91        68        63        60        80        60        75        54        50        53        66
Seven people or more...........        35        53        30        42        30        41        25        42        30        26        23        21

Mean size of household.........      2.43      2.38      2.44      2.47      2.54      2.51      2.64      2.65      2.67      2.63      2.79      2.76

NUMBER OF EARNERS

No earners.....................       768       629       543       498       415       347       280       230       243       195       161       163
One earner.....................     1,449     2,202     1,271     1,792     1,178     1,832       982     1,231       848     1,399       703       891
Two earners or more............       819     1,052       863     1,127     1,014     1,241     1,118     1,260     1,136     1,419     1,100     1,289
  2 earners....................       750       958       765       999       889     1,091       957     1,104       974     1,230       895     1,093
  3 earners....................        56        80        81       108       108       137       130       135       127       172       174       172
  4 earners or more............        12        14        16        20        16        13        32        22        35        17        32        24

Mean number of earners.........      1.07      1.16      1.19      1.27      1.32      1.34      1.47      1.48      1.53      1.52      1.65      1.61

WORK EXPERIENCE OF
HOUSEHOLDER

     Total.....................     3,035     3,882     2,677     3,417     2,607     3,420     2,381     2,721     2,227     3,012     1,963     2,343
Worked.........................     1,958     2,818     1,832     2,519     1,868     2,609     1,816     2,167     1,688     2,484     1,597     1,919
  Worked at f-t jobs...........     1,622     2,397     1,550     2,207     1,593     2,335     1,572     1,892     1,453     2,231     1,413     1,713
    50 weeks or more...........     1,291     2,019     1,302     1,874     1,283     2,085     1,291     1,632     1,181     1,981     1,212     1,465
    27 to 49 weeks.............       175       257       157       210       221       171       175       203       185       179       150       165
    26 weeks or less...........       156       120        91       124        90        79       106        57        87        71        52        83
  Worked at p-t jobs...........       336       421       282       311       275       275       244       275       235       253       184       205
    50 weeks or more...........       173       231       150       184       133       178       142       165       110       156       106       126
    27 to 49 weeks.............        62        83        60        59        59        56        44        70        71        47        38        42
    26 weeks or less...........       101       106        72        68        83        41        58        40        54        50        40        37
Did not work...................     1,077     1,064       845       898       739       811       564       554       539       528       366       424

EDUCATIONAL ATTAINMENT
 OF HOUSEHOLDER

 Total, 25 yrs & over..........     2,775     3,519     2,491     3,174     2,449     3,218     2,223     2,554     2,108     2,863     1,837     2,261
Less than 9th grade............       194       210       156       164       125       158        97        99        72        83        65        49
9th to 12th grade, no diploma..       352       362       265       211       218       241       188       192       137       173       115       123
High School graduate
(includes equivalency).........     1,058     1,295       903     1,173       908     1,144       724       855       676       908       585       691
Some college, no degree........       483       711       473       602       459       656       437       491       468       587       361       468
Associate Degree...............       234       278       206       312       207       289       227       267       236       325       202       233
Bachelor's Degree or more......       454       663       487       712       531       730       549       651       518       788       508       696
  Bachelor's Degree............       330       472       345       506       346       516       365       453       362       533       323       479
  Master's Degree..............        85       135       107       165       145       167       153       143       120       174       141       160
  Professional Degree..........        21        34        24        28        18        27        13        22        13        43        14        36
  Doctorate Degree.............        18        23        11        12        23        20        19        33        23        38        30        20

TENURE

Owner occupied.................     1,912     2,246     1,676     2,158     1,713     2,311     1,636     1,869     1,625     2,132     1,439     1,798
Renter occupied................     1,087     1,585       975     1,207       862     1,052       722       826       581       843       498       512
Occupier paid no cash
rent...........................        36        51        26        51        31        57        23        26        22        38        27        32
HINC-01. Selected Characteristics of Households, by Total Money Income in 2003

[Source:  U.S. Census Bureau, Current Population Survey, 2004 Annual Social and Economic Supplement. Numbers in thousands.
          Households as of March of the following year.  A.O.I.C. stands for alone or in combination]

                                  $57,500   $60,000   $62,500   $65,000   $67,500   $70,000   $72,500   $75,000   $77,500   $80,000   $82,500   $85,000
                                       to        to        to        to        to        to        to        to        to        to        to        to
                                  $59,999   $62,499   $64,999   $67,499   $69,999   $72,499   $74,999   $77,499   $79,999   $82,499   $84,999   $87,499

All Races
All Households.................     1,833     2,442     1,648     2,007     1,550     1,995     1,398     1,835     1,243     1,575     1,162     1,362

 TYPE OF RESIDENCE

Inside metro areas.............     1,474     2,027     1,341     1,631     1,321     1,674     1,187     1,564     1,063     1,338       969     1,153
  Inside central cities........       526       695       448       532       375       554       364       470       341       420       299       334
    One million or more........       317       437       279       351       234       368       252       289       192       256       192       231
    Under one million..........       209       258       169       182       141       187       113       181       150       164       107       103
  Outside central cities.......       947     1,331       893     1,098       946     1,119       822     1,094       721       918       670       818
    One million or more........       613       938       609       765       669       792       588       795       468       656       488       586
    Under one million..........       335       393       283       333       276       327       234       299       254       263       182       232
Outside metro areas............       359       416       307       377       230       321       212       271       180       237       192       209

REGIONS/DIVISIONS

Northeast......................       354       462       282       402       300       397       272       353       231       314       242       247
 New England...................       113       127        72       114        76       107        78        96        76        85        68        74
 Middle Atlantic...............       241       335       210       287       224       290       194       257       155       228       175       173
Midwest........................       484       593       415       522       366       464       339       417       315       368       319       340
 East North Central............       318       402       279       366       248       326       222       294       224       261       227       258
 West North Central............       165       191       137       157       118       138       117       123        91       107        91        82
South..........................       631       802       556       660       517       664       442       622       424       510       358       467
 South Atlantic................       363       450       325       378       312       334       251       325       232       270       171       275
 East South Central............        91       112       104        76        77       123        69       126        90        83        69        78
 West South Central............       177       240       127       206       128       208       121       170       102       157       118       114
West...........................       364       585       394       423       368       469       345       443       274       383       243       308
 Mountain......................       119       164       118       134        93       144       109       131        77       111        57        89
 Pacific.......................       245       421       277       289       275       325       236       312       197       272       186       219

TYPE OF HOUSEHOLD

Family households..............     1,450     1,849     1,356     1,603     1,289     1,616     1,170     1,494     1,032     1,307       994     1,130
 Married-couple families.......     1,173     1,488     1,127     1,305     1,067     1,371       994     1,290       894     1,155       835       999
 Male householder, nsp.........        76        97        69        97        75        79        66        59        40        67        56        54
 Female householder, nsp.......       201       264       159       202       146       166       110       146        98        85       103        78
Nonfamily households...........       383       593       291       405       262       379       229       341       211       268       168       232
 Male householder..............       198       369       141       230       149       208       140       189       127       164        88       129
   Living alone................       124       268        89       135        84       118        80       125        67       128        48        90
 Female householder............       185       224       150       175       113       171        88       152        85       105        80       103
   Living alone................       111       167        99       109        88       115        54       104        59        57        51        51

AGE OF HOUSEHOLDER

Under 65 years.................     1,598     2,204     1,420     1,792     1,353     1,829     1,259     1,669     1,125     1,454     1,079     1,249
  15 to 24 years...............        81       106        57        82        61        84        37        32        40        39        26        53
  25 to 34 years...............       366       533       299       395       296       404       265       364       256       357       199       247
  35 to 44 years...............       463       643       376       538       389       530       341       488       302       436       300       396
  45 to 54 years...............       380       552       417       497       412       503       349       514       341       408       322       359
  55 to 64 years...............       307       369       271       280       195       308       267       271       187       215       233       193
65 years and over..............       235       239       227       215       197       166       139       166       118       121        83       113
  65 to 74 years...............       153       145       157       121       113       114        89       118        80        81        54        72
  75 years and over............        82        94        70        94        84        52        51        48        38        40        28        41

Mean age of householder........      46.3      44.9      47.1      45.9      46.4      45.1      46.8      45.9      45.8      44.7      46.3      45.2
HINC-01. Selected Characteristics of Households, by Total Money Income in 2003

[Source:  U.S. Census Bureau, Current Population Survey, 2004 Annual Social and Economic Supplement. Numbers in thousands.
          Households as of March of the following year.  A.O.I.C. stands for alone or in combination]

                                  $57,500   $60,000   $62,500   $65,000   $67,500   $70,000   $72,500   $75,000   $77,500   $80,000   $82,500   $85,000
                                       to        to        to        to        to        to        to        to        to        to        to        to
                                  $59,999   $62,499   $64,999   $67,499   $69,999   $72,499   $74,999   $77,499   $79,999   $82,499   $84,999   $87,499

SIZE OF HOUSEHOLD

One person.....................       235       435       189       243       172       233       134       229       127       184        99       142
Two people.....................       655       815       646       754       543       742       507       644       471       534       441       481
Three people...................       370       499       341       427       343       397       279       337       240       316       276       261
Four people....................       344       422       263       342       300       390       289       374       246       345       219       307
Five people....................       148       181       124       148       128       146       126       176       100       146        80       118
Six people.....................        56        58        58        50        35        53        45        48        29        37        26        32
Seven people or more...........        24        34        27        43        30        34        18        27        30        12        20        21

Mean size of household.........      2.93      2.81      2.93      2.92      3.00      2.95      3.08      2.98      3.04      2.98      2.99      3.03

NUMBER OF EARNERS

No earners.....................       103       127        98       102       102        78        57        43        43        39        34        38
One earner.....................       543       899       500       584       417       622       345       531       277       428       259       328
Two earners or more............     1,187     1,417     1,049     1,321     1,032     1,295       996     1,261       923     1,108       869       996
  2 earners....................     1,001     1,184       830     1,073       806     1,050       748     1,024       713       880       641       760
  3 earners....................       153       193       182       213       179       200       208       175       162       174       187       166
  4 earners or more............        33        40        38        35        47        45        40        62        49        53        40        70

Mean number of earners.........      1.76      1.69      1.79      1.80      1.83      1.82      1.95      1.88      1.99      1.90      2.00      1.99

WORK EXPERIENCE OF
HOUSEHOLDER

     Total.....................     1,833     2,442     1,648     2,007     1,550     1,995     1,398     1,835     1,243     1,575     1,162     1,362
Worked.........................     1,527     2,063     1,354     1,700     1,306     1,744     1,213     1,599     1,120     1,407     1,031     1,220
  Worked at f-t jobs...........     1,351     1,807     1,202     1,527     1,141     1,576     1,077     1,443       984     1,283       928     1,107
    50 weeks or more...........     1,171     1,624     1,026     1,362       992     1,420       939     1,276       876     1,166       831       994
    27 to 49 weeks.............       128       126       106       117        94        95        91       124        75        84        75        84
    26 weeks or less...........        52        56        71        48        56        61        46        44        33        33        22        30
  Worked at p-t jobs...........       176       256       152       173       166       168       136       156       136       124       103       113
    50 weeks or more...........        91       157        78        93        92       106        73        95        86        73        63        69
    27 to 49 weeks.............        38        69        35        44        35        37        37        45        29        24        18        18
    26 weeks or less...........        47        30        40        37        39        25        26        16        20        27        22        26
Did not work...................       306       379       293       307       244       251       186       236       123       168       131       142

EDUCATIONAL ATTAINMENT
 OF HOUSEHOLDER

 Total, 25 yrs & over..........     1,751     2,336     1,591     1,926     1,490     1,911     1,361     1,803     1,203     1,536     1,136     1,309
Less than 9th grade............        51        48        49        48        31        49        26        35        21        27        20        24
9th to 12th grade, no diploma..        79       109        89        84        87        68        59        85        49        43        22        31
High School graduate
(includes equivalency).........       526       677       459       527       409       550       356       470       324       395       300       312
Some college, no degree........       400       463       312       404       300       388       265       379       229       302       238       284
Associate Degree...............       178       269       192       227       149       184       152       204       143       146       108       130
Bachelor's Degree or more......       517       772       489       638       514       672       503       631       437       623       448       527
  Bachelor's Degree............       371       519       314       442       343       464       311       409       304       444       298       365
  Master's Degree..............        93       195       135       160       132       146       144       163        98       125       112       125
  Professional Degree..........        25        34        17        12        10        34        25        30        20        25        23        26
  Doctorate Degree.............        28        24        24        23        29        27        23        29        15        30        15        11

TENURE

Owner occupied.................     1,411     1,824     1,357     1,592     1,247     1,570     1,198     1,494     1,058     1,318     1,024     1,156
Renter occupied................       408       590       274       392       294       417       198       331       182       253       127       201
Occupier paid no cash
rent...........................        13        28        17        23         9         8         2        10         4         4        11         5
HINC-01. Selected Characteristics of Households, by Total Money Income in 2003

[Source:  U.S. Census Bureau, Current Population Survey, 2004 Annual Social and Economic Supplement. Numbers in thousands.
          Households as of March of the following year.  A.O.I.C. stands for alone or in combination]

                                  $87,500   $90,000   $92,500   $95,000   $97,500  $100,000        Median income                Mean income
                                       to        to        to        to        to       and                    Standard                    Standard
                                  $89,999   $92,499   $94,999   $97,499   $99,999      over  Value (Dol.)  error (Dol.)  Value (Dol.)  error (Dol.)

All Races
All Households.................       968     1,362       888     1,114       804    16,945        43,318           188        59,067           216

 TYPE OF RESIDENCE

Inside metro areas.............       855     1,161       758       930       697    15,244        46,060           186        62,179           253
  Inside central cities........       229       342       204       220       190     4,128        37,174           218        52,973           378
    One million or more........       147       236       138       153       125     2,879        38,523           402        55,692           511
    Under one million..........        82       107        66        67        65     1,249        35,391           367        48,399           533
  Outside central cities.......       626       819       555       711       507    11,116        51,737           209        67,635           332
    One million or more........       434       626       367       472       363     8,570        55,354           300        71,764           427
    Under one million..........       192       193       188       239       144     2,547        45,568           398        58,554           487
Outside metro areas............       114       201       130       183       107     1,701        35,112           360        45,880           436

REGIONS/DIVISIONS

Northeast......................       199       285       184       227       170     3,812        46,742           393        64,327           542
 New England...................        65        82        39        68        39     1,099        49,974           656        67,184           842
 Middle Atlantic...............       134       203       145       159       131     2,712        45,701           472        63,293           652
Midwest........................       227       329       261       269       182     3,629        44,732           353        58,336           409
 East North Central............       158       213       183       203       121     2,510        44,382           470        58,380           527
 West North Central............        69       116        78        65        61     1,119        45,442           522        58,235           606
South..........................       317       448       271       381       256     5,214        39,823           269        54,496           354
 South Atlantic................       173       243       143       252       148     3,028        42,066           291        57,302           497
 East South Central............        47        73        42        43        40       736        36,623           612        49,435           711
 West South Central............        97       132        86        87        68     1,451        37,043           405        52,458           683
West...........................       225       300       173       236       196     4,290        46,820           380        62,904           526
 Mountain......................        62        71        55        75        49     1,015        43,485           608        59,203           739
 Pacific.......................       163       229       118       162       148     3,276        48,344           635        64,465           675

TYPE OF HOUSEHOLD

Family households..............       807     1,145       773       977       717    15,019        53,991           250        69,507           286
 Married-couple families.......       679     1,013       701       890       617    13,866        62,405           235        78,434           354
 Male householder, nsp.........        61        63        31        36        33       518        41,959           516        53,766           746
 Female householder, nsp.......        67        69        41        51        67       634        29,307           303        37,507           345
Nonfamily households...........       161       218       115       137        87     1,926        25,741           187        36,829           253
 Male householder..............       109       128        70        70        49     1,178        31,928           218        43,264           426
   Living alone................        52        66        34        34        24       599        27,438           359        36,741           395
 Female householder............        52        89        45        67        38       748        21,313           204        31,543           293
   Living alone................        25        35        20        31        13       413        18,676           215        27,236           252

AGE OF HOUSEHOLDER

Under 65 years.................       884     1,263       813     1,011       716    15,573        50,171           149        64,812           253
  15 to 24 years...............        33        21        21        28        23       219        27,053           404        33,629           386
  25 to 34 years...............       127       243       140       205       125     2,157        44,779           360        55,292           415
  35 to 44 years...............       251       418       216       297       221     4,454        55,044           402        69,246           494
  45 to 54 years...............       297       346       273       339       205     5,490        60,242           396        75,363           572
  55 to 64 years...............       176       234       163       142       143     3,254        49,215           517        67,275           641
65 years and over..............        84       100        75       103        88     1,371        23,787           181        36,893           351
  65 to 74 years...............        61        66        50        74        52     1,010        29,640           305        44,166           521
  75 years and over............        23        34        26        29        36       362        19,470           183        29,652           460

Mean age of householder........      47.0      45.8      46.9      45.7      47.2      47.6           (X)           (X)           (X)           (X)
HINC-01. Selected Characteristics of Households, by Total Money Income in 2003

[Source:  U.S. Census Bureau, Current Population Survey, 2004 Annual Social and Economic Supplement. Numbers in thousands.
          Households as of March of the following year.  A.O.I.C. stands for alone or in combination]

                                  $87,500   $90,000   $92,500   $95,000   $97,500  $100,000        Median income                Mean income
                                       to        to        to        to        to       and                    Standard                    Standard
                                  $89,999   $92,499   $94,999   $97,499   $99,999      over  Value (Dol.)  error (Dol.)  Value (Dol.)  error (Dol.)

SIZE OF HOUSEHOLD

One person.....................        77       102        54        65        38     1,012        21,930           159        31,272           224
Two people.....................       345       489       330       415       276     5,874        46,924           271        62,342           375
Three people...................       200       302       194       243       185     3,489        55,726           446        69,053           586
Four people....................       221       286       175       237       177     4,060        64,374           642        80,003           676
Five people....................        80       138        85        89        97     1,621        60,128           680        76,212           971
Six people.....................        30        27        27        39        17       583        58,109         1,137        75,182         1,718
Seven people or more...........        15        19        25        25        14       306        60,521         1,660        74,702         2,450

Mean size of household.........      3.12      3.09      3.18      3.16      3.23      3.23           (X)           (X)           (X)           (X)

NUMBER OF EARNERS

No earners.....................        22        46        22        40        43       434        15,661           119        22,291           166
One earner.....................       223       323       159       176       134     3,482        35,977           150        48,898           325
Two earners or more............       724       993       707       897       627    13,029        71,496           224        86,439           375
  2 earners....................       513       776       515       676       455     9,337        67,348           257        82,417           404
  3 earners....................       145       157       141       169       119     2,411        82,464           620        97,546         1,074
  4 earners or more............        66        59        51        52        53     1,281       100,000          (NA)       117,798         1,791

Mean number of earners.........      2.10      1.96      2.13      2.09      2.08      2.12           (X)           (X)           (X)           (X)

WORK EXPERIENCE OF
HOUSEHOLDER

     Total.....................       968     1,362       888     1,114       804    16,945        43,318           188        59,067           216
Worked.........................       844     1,197       790     1,010       707    15,039        54,989           214        70,137           276
  Worked at f-t jobs...........       749     1,064       708       931       648    13,525        57,475           224        72,792           297
    50 weeks or more...........       654       970       642       831       584    12,344        60,852           194        76,217           328
    27 to 49 weeks.............        68        73        55        57        52       854        45,532           526        59,044           831
    26 weeks or less...........        28        21        11        42        13       327        31,224           682        45,444         1,082
  Worked at p-t jobs...........        95       133        83        78        58     1,515        37,833           509        54,814           717
    50 weeks or more...........        58        88        48        45        43       891        41,789           591        59,285         1,075
    27 to 49 weeks.............        20        26        20        19         3       351        40,750         1,172        55,503         1,318
    26 weeks or less...........        17        19        14        15        12       272        28,704           700        44,348         1,232
Did not work...................       124       165        98       104        98     1,905        21,476           155        34,097           283

EDUCATIONAL ATTAINMENT
 OF HOUSEHOLDER

 Total, 25 yrs & over..........       936     1,341       867     1,085       782    16,726        45,016           181        60,662           228
Less than 9th grade............        18        11         9        16        18       119        18,787           298        27,009           461
9th to 12th grade, no diploma..        37        28        20        34        24       266        22,718           323        31,298           383
High School graduate
(includes equivalency).........       248       349       242       220       204     2,559        36,835           203        47,365           315
Some college, no degree........       172       236       155       178       139     2,367        45,854           373        56,763           438
Associate Degree...............        92       143        77       133        78     1,449        51,970           392        62,373           630
Bachelor's Degree or more......       369       574       364       504       318     9,967        73,446           460        92,568           569
  Bachelor's Degree............       209       362       224       340       205     5,544        68,728           541        84,864           644
  Master's Degree..............       126       168        94       122        84     2,711        78,541         1,145        96,240         1,110
  Professional Degree..........        22        17        27        22        17       950       100,000          (NA)       137,138         3,511
  Doctorate Degree.............        12        27        20        20        12       761        96,830         4,961       117,997         3,078

TENURE

Owner occupied.................       823     1,156       767       975       707    15,257        53,584           258        69,081           285
Renter occupied................       145       203       114       135        92     1,629        27,561           206        37,184           261
Occupier paid no cash
rent...........................         1         4         7         4         6        59        23,662           768        31,751           841
HINC-01. Selected Characteristics of Households, by Total Money Income in 2003

[Source:  U.S. Census Bureau, Current Population Survey, 2004 Annual Social and Economic Supplement. Numbers in thousands.
          Households as of March of the following year.  A.O.I.C. stands for alone or in combination]

                                                                            Income per
                                                                         household member
                                        Gini ratio                                  Standard
                                                  Standard                             error
                                       ratio         error    B-Cell  Value (Dol.)    (Dol.)

All Races
All Households.................        0.450        0.0025     1,140        22,966        96

 TYPE OF RESIDENCE

Inside metro areas.............        0.448        0.0028     1,140        23,959       108
  Inside central cities........        0.473        0.0048     1,140        21,481       176
    One million or more........        0.478        0.0060     1,140        22,177       236
    Under one million..........        0.458        0.0077     1,140        20,251       268
  Outside central cities.......        0.428        0.0035     1,140        25,314       143
    One million or more........        0.425        0.0042     1,140        26,663       185
    Under one million..........        0.426        0.0062     1,140        22,276       226
Outside metro areas............        0.437        0.0071     1,710        18,554       214

REGIONS/DIVISIONS

Northeast......................        0.457        0.0055     1,015        25,183       247
 New England...................        0.454        0.0086       684        26,835       407
 Middle Atlantic...............        0.458        0.0065     1,063        24,601       294
Midwest........................        0.434        0.0050     1,037        23,142       193
 East North Central............        0.436        0.0063     1,151        22,948       248
 West North Central............        0.429        0.0077       764        23,598       304
South..........................        0.457        0.0045     1,300        21,448       161
 South Atlantic................        0.450        0.0062     1,288        22,874       237
 East South Central............        0.455        0.0100     1,106        19,897       346
 West South Central............        0.465        0.0088     1,436        19,906       304
West...........................        0.443        0.0059     1,402        23,372       232
 Mountain......................        0.444        0.0085       798        22,409       331
 Pacific.......................        0.442        0.0076     1,642        23,768       300

TYPE OF HOUSEHOLD

Family households..............        0.411        0.0030     1,140        21,759       103
 Married-couple families.......        0.381        0.0034     1,140        24,437       129
 Male householder, nsp.........        0.402        0.0122     1,140        17,131       307
 Female householder, nsp.......        0.435        0.0072     1,140        11,908       133
Nonfamily households...........        0.476        0.0047     1,140        29,561       262
 Male householder..............        0.461        0.0070     1,140        32,398       420
   Living alone................        0.457        0.0079     1,140        36,741       575
 Female householder............        0.476        0.0065     1,140        26,907       333
   Living alone................        0.460        0.0070     1,140        27,236       365

AGE OF HOUSEHOLDER

Under 65 years.................        0.428        0.0028     1,140        23,219       103
  15 to 24 years...............        0.431        0.0100     1,140        13,520       207
  25 to 34 years...............        0.405        0.0060     1,140        19,380       180
  35 to 44 years...............        0.404        0.0055     1,140        21,321       182
  45 to 54 years...............        0.409        0.0054     1,140        26,916       243
  55 to 64 years...............        0.449        0.0065     1,140        30,595       352
65 years and over..............        0.478        0.0063     1,140        21,391       241
  65 to 74 years...............        0.470        0.0085     1,140        23,373       339
  75 years and over............        0.460        0.0094     1,140        19,003       344

Mean age of householder........          (X)           (X)       1.0           (X)       (X)
HINC-01. Selected Characteristics of Households, by Total Money Income in 2003

[Source:  U.S. Census Bureau, Current Population Survey, 2004 Annual Social and Economic Supplement. Numbers in thousands.
          Households as of March of the following year.  A.O.I.C. stands for alone or in combination]

                                                                            Income per
                                                                         household member
                                        Gini ratio                                  Standard
                                                  Standard                             error
                                       ratio         error    B-Cell  Value (Dol.)    (Dol.)

SIZE OF HOUSEHOLD

One person.....................        0.466        0.0052     1,140        31,272       317
Two people.....................        0.424        0.0044     1,140        30,717       224
Three people...................        0.400        0.0062     1,140        22,367       227
Four people....................        0.383        0.0065     1,140        19,703       200
Five people....................        0.389        0.0098     1,140        15,086       232
Six people.....................        0.406        0.0166     1,140        12,430       337
Seven people or more...........        0.401        0.0222     1,140         9,578       367

Mean size of household.........          (X)           (X)      1.00           (X)       (X)

NUMBER OF EARNERS

No earners.....................        0.468        0.0061     1,140        13,680       132
One earner.....................        0.431        0.0045     1,140        22,196       169
Two earners or more............        0.329        0.0038     1,140        25,675       136
  2 earners....................        0.337        0.0042     1,140        26,768       162
  3 earners....................        0.287        0.0097     1,140        23,153       326
  4 earners or more............        0.252        0.0162     1,140        21,584       460

Mean number of earners.........          (X)           (X)      1.00           (X)       (X)

WORK EXPERIENCE OF
HOUSEHOLDER

     Total.....................        0.450        0.0025     1,140        22,966        96
Worked.........................        0.395        0.0030     1,140        25,490       115
  Worked at f-t jobs...........        0.380        0.0032     1,140        26,322       126
    50 weeks or more...........        0.365        0.0035     1,140        27,441       140
    27 to 49 weeks.............        0.412        0.0107     1,140        21,810       377
    26 weeks or less...........        0.478        0.0143     1,140        16,913       460
  Worked at p-t jobs...........        0.475        0.0081     1,140        20,518       308
    50 weeks or more...........        0.456        0.0110     1,140        22,159       462
    27 to 49 weeks.............        0.448        0.0172     1,140        20,242       585
    26 weeks or less...........        0.519        0.0168     1,140        17,043       543
Did not work...................        0.511        0.0051     1,140        15,738       147

EDUCATIONAL ATTAINMENT
 OF HOUSEHOLDER

 Total, 25 yrs & over..........        0.447        0.0026     1,140        23,538        99
Less than 9th grade............        0.461        0.0117     1,140         9,990       198
9th to 12th grade, no diploma..        0.446        0.0091     1,140        11,976       178
High School graduate
(includes equivalency).........        0.423        0.0047     1,140        18,711       147
Some college, no degree........        0.409        0.0060     1,140        21,982       211
Associate Degree...............        0.386        0.0085     1,140        23,311       306
Bachelor's Degree or more......        0.374        0.0046     1,140        36,230       272
  Bachelor's Degree............        0.380        0.0058     1,140        33,001       311
  Master's Degree..............        0.360        0.0092     1,140        38,272       572
  Professional Degree..........        0.185        0.0165     1,140        52,615     1,687
  Doctorate Degree.............        0.233        0.0189     1,140        47,536     1,601

TENURE

Owner occupied.................        0.418        0.0030     1,140        25,912       121
Renter occupied................        0.458        0.0049     1,140        15,720       128
Occupier paid no cash
rent...........................        0.467        0.0215     1,140        13,597       470

Race Footnotes


Source: U.S. Census Bureau
Contact: Housing and Household Economic Statistics Information Staff at (301)763-3242
Last revised: June 25, 2004