HINC-01. Selected Characteristics of Households, by Total Money Income in 2004

[Source:  U.S. Census Bureau, Current Population Survey, 2005 Annual Social and Economic Supplement. Numbers in thousands.
          Households as of March of the following year.  A.O.I.C. stands for alone or in combination]

                                                       $2,500    $5,000    $7,500   $10,000   $12,500   $15,000   $17,500   $20,000   $22,500   $25,000
                                              Under        to        to        to        to        to        to        to        to        to        to
                                    Total    $2,500    $4,999    $7,499    $9,999   $12,499   $14,999   $17,499   $19,999   $22,499   $24,999   $27,499

All Races
All Households.................   113,146     2,566     1,389     2,490     3,360     4,013     3,543     3,760     3,438     4,061     3,375     3,938

REGIONS/DIVISIONS

Northeast......................    21,137       561       242       482       642       745       663       681       596       711       553       693
 New England...................     5,591       113        57       132       186       186       141       157       162       189       171       141
 Middle Atlantic...............    15,546       448       184       351       456       559       522       525       434       521       382       552
Midwest........................    25,911       500       306       538       719       936       848       840       806       884       812       827
 East North Central............    18,060       372       219       369       503       670       607       588       555       628       576       602
 West North Central............     7,850       128        88       168       216       267       242       252       250       256       236       225
South..........................    41,159     1,031       546     1,058     1,415     1,541     1,362     1,436     1,365     1,609     1,271     1,532
 South Atlantic................    21,741       498       281       464       672       773       664       725       733       808       669       770
 East South Central............     7,024       191       114       264       317       313       290       263       215       299       202       277
 West South Central............    12,394       342       150       330       426       454       408       448       417       502       401       485
West...........................    24,939       473       296       412       583       790       669       803       671       856       738       886
 Mountain......................     7,520       129        76       160       153       241       210       253       211       248       227       257
 Pacific.......................    17,418       345       220       252       430       549       460       550       460       609       511       629

TYPE OF HOUSEHOLD

Family households..............    77,010     1,235       688       843     1,061     1,405     1,463     1,801     1,861     2,304     2,036     2,301
 Married-couple families.......    58,109       541       193       270       387       682       753     1,028     1,125     1,368     1,350     1,496
 Male householder, nsp.........     4,893        76        52        72        81       113       123       115       143       172       133       171
 Female householder, nsp.......    14,009       617       444       501       593       610       586       658       594       764       553       634
Nonfamily households...........    36,136     1,331       701     1,647     2,299     2,608     2,081     1,959     1,576     1,757     1,339     1,638
 Male householder..............    16,344       613       259       612       709       815       651       738       619       769       574       752
   Living alone................    12,652       541       237       569       672       755       589       653       543       675       483       646
 Female householder............    19,792       718       442     1,035     1,590     1,793     1,429     1,220       957       988       765       885
   Living alone................    17,207       674       420       995     1,560     1,743     1,377     1,151       878       910       712       803

AGE OF HOUSEHOLDER

Under 65 years.................    90,012     2,175     1,098     1,713     1,840     2,179     1,843     2,305     2,045     2,795     2,205     2,923
  15 to 24 years...............     6,686       361       233       261       235       345       279       347       303       338       295       340
  25 to 34 years...............    19,255       447       257       308       324       470       390       579       468       661       507       765
  35 to 44 years...............    23,226       479       204       314       381       421       393       453       450       635       505       666
  45 to 54 years...............    23,370       475       204       420       425       483       372       440       407       594       468       538
  55 to 64 years...............    17,476       412       199       410       475       460       409       486       417       567       430       615
65 years and over..............    23,135       391       291       777     1,520     1,834     1,700     1,455     1,393     1,265     1,170     1,015
  65 to 74 years...............    11,519       202       129       336       681       587       613       536       595       589       497       431
  75 years and over............    11,616       189       162       442       839     1,247     1,087       919       798       677       673       584

Mean age of householder........      49.0      45.5      46.4      52.7      57.7      57.3      58.0      54.3      54.7      51.6      52.8      49.8
HINC-01. Selected Characteristics of Households, by Total Money Income in 2004

[Source:  U.S. Census Bureau, Current Population Survey, 2005 Annual Social and Economic Supplement. Numbers in thousands.
          Households as of March of the following year.  A.O.I.C. stands for alone or in combination]

                                                       $2,500    $5,000    $7,500   $10,000   $12,500   $15,000   $17,500   $20,000   $22,500   $25,000
                                              Under        to        to        to        to        to        to        to        to        to        to
                                    Total    $2,500    $4,999    $7,499    $9,999   $12,499   $14,999   $17,499   $19,999   $22,499   $24,999   $27,499

SIZE OF HOUSEHOLD

One person.....................    29,859     1,215       657     1,564     2,232     2,498     1,965     1,804     1,421     1,586     1,194     1,449
Two people.....................    37,247       670       341       454       571       840       856     1,030     1,229     1,411     1,219     1,358
Three people...................    18,347       340       194       231       272       315       324       378       326       466       418       470
Four people....................    16,506       204       128       138       163       206       227       321       252       336       310       350
Five people....................     7,230        77        42        79        71       111       108       152       137       143       123       189
Six people.....................     2,522        28        20        17        30        29        42        58        43        90        60        79
Seven people or more...........     1,435        32         9         8        20        14        21        16        30        28        49        44

Mean size of household.........      2.57      2.03      2.03      1.72      1.66      1.70      1.86      2.00      2.05      2.14      2.24      2.23

NUMBER OF EARNERS

No earners.....................    23,891     1,987       780     1,673     2,288     2,382     2,081     1,639     1,487     1,347     1,094       948
One earner.....................    41,622       523       573       730       957     1,427     1,215     1,746     1,568     2,187     1,718     2,241
Two earners or more............    47,633        56        36        88       115       203       247       375       383       527       563       749
  2 earners....................    38,120        53        34        86       105       194       233       352       366       488       523       678
  3 earners....................     7,227         3         1         2         7         8        11        22        15        36        37        60
  4 earners or more............     2,287         0         0         0         2         2         3         1         3         2         3        11

Mean number of earners.........      1.35      0.25      0.47      0.37      0.36      0.47      0.50      0.69      0.70      0.83      0.88      0.99

WORK EXPERIENCE OF
HOUSEHOLDER

     Total.....................   113,146     2,566     1,389     2,490     3,360     4,013     3,543     3,760     3,438     4,061     3,375     3,938
Worked.........................    78,345       497       540       749       905     1,372     1,241     1,753     1,668     2,313     1,880     2,561
  Worked at f-t jobs...........    66,278       294       260       388       489       853       843     1,243     1,220     1,836     1,488     2,183
    50 weeks or more...........    56,497       175        70       171       229       527       539       850       892     1,482     1,165     1,771
    27 to 49 weeks.............     6,212        30        23        72        94       167       163       230       199       232       209       262
    26 weeks or less...........     3,568        89       166       146       166       158       142       163       130       122       113       151
  Worked at p-t jobs...........    12,068       203       280       361       416       519       398       510       448       478       393       378
    50 weeks or more...........     6,700        41        63       143       182       270       195       293       263       283       225       215
    27 to 49 weeks.............     2,478        18        50        54        87       146        86       112        86        63        72        58
    26 weeks or less...........     2,890       144       168       164       147       103       116       105        99       132        96       105
Did not work...................    34,801     2,068       849     1,741     2,455     2,641     2,302     2,007     1,769     1,747     1,495     1,377

EDUCATIONAL ATTAINMENT
 OF HOUSEHOLDER

 Total, 25 yrs & over..........   106,461     2,205     1,156     2,229     3,125     3,668     3,264     3,413     3,135     3,722     3,080     3,598
Less than 9th grade............     6,355       225       140       418       577       626       457       436       367       422       314       250
9th to 12th grade, no diploma..     9,217       349       235       549       672       721       594       528       458       509       404       435
High School graduate
(includes equivalency).........    32,206       780       348       706     1,063     1,217     1,259     1,327     1,229     1,410     1,198     1,327
Some college, no degree........    18,744       335       203       238       408       504       493       534       534       597       539       644
Associate Degree...............     9,405       110        56        73       147       240       173       205       217       272       207       299
Bachelor's Degree or more......    30,535       406       173       246       257       361       289       383       330       512       419       642
  Bachelor's Degree............    19,595       269       154       158       187       262       186       258       242       382       286       485
  Master's Degree..............     7,714        95        17        70        56        73        77       102        76        93       101       128
  Professional Degree..........     1,767        21         0         4         2        16        19        10        10        22        23        17
  Doctorate Degree.............     1,459        21         1        13        11        10         6        13         2        16         9        12

TENURE

Owner occupied.................    78,574     1,122       536     1,024     1,519     2,045     1,973     2,066     1,927     2,275     2,050     2,218
Renter occupied................    33,090     1,333       795     1,392     1,732     1,867     1,506     1,627     1,432     1,720     1,290     1,672
Occupier paid no cash
rent...........................     1,482       111        58        75       109       101        64        68        79        65        35        49
HINC-01. Selected Characteristics of Households, by Total Money Income in 2004

[Source:  U.S. Census Bureau, Current Population Survey, 2005 Annual Social and Economic Supplement. Numbers in thousands.
          Households as of March of the following year.  A.O.I.C. stands for alone or in combination]

                                  $27,500   $30,000   $32,500   $35,000   $37,500   $40,000   $42,500   $45,000   $47,500   $50,000   $52,500   $55,000
                                       to        to        to        to        to        to        to        to        to        to        to        to
                                  $29,999   $32,499   $34,999   $37,499   $39,999   $42,499   $44,999   $47,499   $49,999   $52,499   $54,999   $57,499

All Races
All Households.................     2,889     3,921     2,727     3,360     2,633     3,378     2,294     2,700     2,371     3,017     2,006     2,420

REGIONS/DIVISIONS

Northeast......................       487       553       450       542       432       591       407       457       406       591       351       465
 New England...................       115       153        87       129       106       151       100       112       111       140        81       120
 Middle Atlantic...............       372       400       362       413       326       440       307       345       295       452       270       344
Midwest........................       693       925       649       874       560       758       558       633       532       680       478       489
 East North Central............       474       651       452       585       421       516       397       446       368       474       316       325
 West North Central............       219       274       196       290       138       242       161       186       164       206       162       164
South..........................     1,064     1,589     1,046     1,269     1,050     1,272       770     1,023       883     1,076       717       917
 South Atlantic................       570       825       537       659       563       656       417       499       478       531       377       527
 East South Central............       219       245       166       218       180       205       150       168       127       171       127       132
 West South Central............       276       520       343       392       307       411       204       355       278       374       214       258
West...........................       645       854       583       674       591       757       559       588       550       670       460       549
 Mountain......................       197       304       192       231       186       247       180       216       191       203       174       167
 Pacific.......................       448       550       391       443       405       510       379       372       359       467       286       382

TYPE OF HOUSEHOLD

Family households..............     1,814     2,383     1,813     2,154     1,846     2,207     1,618     1,900     1,746     2,167     1,618     1,867
 Married-couple families.......     1,154     1,595     1,270     1,463     1,238     1,566     1,181     1,407     1,277     1,673     1,268     1,489
 Male householder, nsp.........       175       191       137       204       181       184       127       151       147       155       103       117
 Female householder, nsp.......       485       596       405       488       427       457       309       342       322       338       247       262
Nonfamily households...........     1,075     1,538       915     1,206       787     1,171       676       800       625       851       389       553
 Male householder..............       474       746       383       677       356       579       383       423       320       479       215       299
   Living alone................       377       626       283       574       240       442       248       306       184       358       121       209
 Female householder............       601       792       531       529       431       592       293       377       305       372       174       254
   Living alone................       508       684       470       444       347       494       217       285       241       278       124       182

AGE OF HOUSEHOLDER

Under 65 years.................     2,059     3,109     2,050     2,635     2,029     2,881     1,814     2,292     2,025     2,689     1,655     2,105
  15 to 24 years...............       192       313       192       276       219       206       170       187       149       137       103       113
  25 to 34 years...............       496       831       525       698       568       811       406       598       521       643       425       463
  35 to 44 years...............       495       738       485       642       508       736       476       574       499       729       381       628
  45 to 54 years...............       468       646       469       547       399       645       417       518       497       677       422       508
  55 to 64 years...............       408       581       379       472       335       483       345       415       359       501       323       393
65 years and over..............       830       812       678       725       604       497       480       408       346       328       351       316
  65 to 74 years...............       415       432       380       390       346       315       258       249       222       179       194       196
  75 years and over............       415       380       298       335       258       182       221       159       124       149       157       119

Mean age of householder........      50.9      47.7      49.3      47.7      47.8      45.5      48.5      46.0      46.1      45.7      47.6      46.4
HINC-01. Selected Characteristics of Households, by Total Money Income in 2004

[Source:  U.S. Census Bureau, Current Population Survey, 2005 Annual Social and Economic Supplement. Numbers in thousands.
          Households as of March of the following year.  A.O.I.C. stands for alone or in combination]

                                  $27,500   $30,000   $32,500   $35,000   $37,500   $40,000   $42,500   $45,000   $47,500   $50,000   $52,500   $55,000
                                       to        to        to        to        to        to        to        to        to        to        to        to
                                  $29,999   $32,499   $34,999   $37,499   $39,999   $42,499   $44,999   $47,499   $49,999   $52,499   $54,999   $57,499

SIZE OF HOUSEHOLD

One person.....................       885     1,310       753     1,018       588       936       465       592       425       637       246       390
Two people.....................     1,181     1,304     1,052     1,149     1,053     1,105       955     1,040       880     1,035       759       923
Three people...................       361       524       369       538       426       532       377       445       441       532       381       459
Four people....................       269       438       313       389       312       435       262       370       361       493       384       335
Five people....................       125       233       147       154       164       222       153       156       149       227       153       191
Six people.....................        44        69        63        72        67        98        55        57        70        56        49        79
Seven people or more...........        23        42        30        41        24        49        27        40        46        37        34        43

Mean size of household.........      2.26      2.35      2.42      2.40      2.53      2.55      2.60      2.57      2.76      2.69      2.91      2.80

NUMBER OF EARNERS

No earners.....................       778       682       505       518       442       334       336       250       221       206       212       167
One earner.....................     1,417     2,339     1,337     1,817     1,195     1,773       916     1,234       937     1,408       657       894
Two earners or more............       694       900       885     1,025       996     1,271     1,042     1,216     1,213     1,403     1,137     1,359
  2 earners....................       628       790       780       926       866     1,125       891     1,077     1,005     1,204       927     1,165
  3 earners....................        56        98        94        98       121       118       131       122       174       181       175       157
  4 earners or more............        10        12        12         1         9        28        19        17        34        18        36        37

Mean number of earners.........      1.02      1.11      1.21      1.21      1.30      1.36      1.43      1.45      1.57      1.51      1.63      1.63

WORK EXPERIENCE OF
HOUSEHOLDER

     Total.....................     2,889     3,921     2,727     3,360     2,633     3,378     2,294     2,700     2,371     3,017     2,006     2,420
Worked.........................     1,798     2,781     1,912     2,426     1,842     2,649     1,640     2,086     1,846     2,454     1,563     1,933
  Worked at f-t jobs...........     1,503     2,400     1,579     2,070     1,534     2,304     1,373     1,845     1,588     2,196     1,312     1,718
    50 weeks or more...........     1,154     2,045     1,268     1,774     1,248     1,996     1,142     1,606     1,334     1,975     1,138     1,494
    27 to 49 weeks.............       199       251       203       190       180       207       159       153       186       159       106       158
    26 weeks or less...........       150       104       108       106       106       102        72        87        69        62        68        66
  Worked at p-t jobs...........       295       381       334       356       308       344       267       241       257       258       250       216
    50 weeks or more...........       181       228       183       196       172       184       164       126       134       151       141       139
    27 to 49 weeks.............        55        80        86        63        51        72        49        49        67        56        63        39
    26 weeks or less...........        58        73        65        97        85        89        54        66        57        51        47        38
Did not work...................     1,091     1,140       815       934       791       730       653       614       525       563       444       487

EDUCATIONAL ATTAINMENT
 OF HOUSEHOLDER

 Total, 25 yrs & over..........     2,696     3,608     2,535     3,084     2,414     3,172     2,124     2,513     2,222     2,880     1,903     2,308
Less than 9th grade............       203       247       133       183       120       154       106        93        91        99        52        77
9th to 12th grade, no diploma..       282       381       265       291       174       241       140       176       149       157       132       139
High School graduate
(includes equivalency).........     1,025     1,303       891     1,071       821     1,049       721       845       726       992       615       730
Some college, no degree........       516       743       503       575       542       588       435       462       441       608       413       442
Associate Degree...............       229       346       235       280       230       305       191       270       240       255       203       268
Bachelor's Degree or more......       442       588       508       685       527       836       531       667       576       768       488       652
  Bachelor's Degree............       313       442       368       507       331       585       372       465       416       491       319       480
  Master's Degree..............        94       114       107       131       149       204       112       152       114       221       120       121
  Professional Degree..........        19        14        20        17        27        36        26        22        24        35        25        24
  Doctorate Degree.............        16        17        15        30        21        12        22        28        21        20        23        28

TENURE

Owner occupied.................     1,708     2,331     1,738     2,127     1,725     2,192     1,647     1,900     1,702     2,190     1,504     1,825
Renter occupied................     1,137     1,532       952     1,188       871     1,133       634       765       648       793       492       563
Occupier paid no cash
rent...........................        43        58        37        45        37        52        13        36        20        34        11        32
HINC-01. Selected Characteristics of Households, by Total Money Income in 2004

[Source:  U.S. Census Bureau, Current Population Survey, 2005 Annual Social and Economic Supplement. Numbers in thousands.
          Households as of March of the following year.  A.O.I.C. stands for alone or in combination]

                                  $57,500   $60,000   $62,500   $65,000   $67,500   $70,000   $72,500   $75,000   $77,500   $80,000   $82,500   $85,000
                                       to        to        to        to        to        to        to        to        to        to        to        to
                                  $59,999   $62,499   $64,999   $67,499   $69,999   $72,499   $74,999   $77,499   $79,999   $82,499   $84,999   $87,499

All Races
All Households.................     1,786     2,566     1,774     2,101     1,637     1,978     1,413     1,802     1,264     1,673     1,219     1,418

REGIONS/DIVISIONS

Northeast......................       295       478       329       371       315       346       246       390       204       315       235       277
 New England...................        83       108        86       105        78       105        74       105        54        97        73        82
 Middle Atlantic...............       213       371       242       266       237       241       172       285       150       218       162       195
Midwest........................       439       581       446       547       403       494       341       496       314       400       332       373
 East North Central............       285       411       311       387       269       341       239       344       214       291       227       257
 West North Central............       153       170       135       160       134       153       102       152       100       109       105       117
South..........................       630       880       614       728       559       640       494       589       433       560       386       465
 South Atlantic................       332       457       310       383       306       338       275       327       243       305       205       251
 East South Central............        98       157        93       134        83       120        75       116        71       104        60        88
 West South Central............       199       266       211       211       170       183       143       146       118       151       121       125
West...........................       422       626       386       455       360       498       331       327       313       398       265       303
 Mountain......................       121       169       118       156       110       135        82       112       121       101        81       102
 Pacific.......................       301       457       268       299       250       363       249       216       192       297       184       202

TYPE OF HOUSEHOLD

Family households..............     1,429     1,894     1,405     1,667     1,340     1,586     1,195     1,511     1,075     1,378     1,009     1,198
 Married-couple families.......     1,157     1,535     1,121     1,300     1,107     1,312     1,009     1,303       932     1,186       869     1,053
 Male householder, nsp.........        90       131        92       128        81        89        58        69        53       100        49        65
 Female householder, nsp.......       182       228       192       239       152       186       128       139        90        92        92        80
Nonfamily households...........       357       672       369       434       297       392       218       291       189       296       210       220
 Male householder..............       178       372       205       267       145       211       126       175       112       173       100       139
   Living alone................       113       264       130       178        86       141        67       125        57       103        61        81
 Female householder............       180       300       164       167       153       180        92       117        78       122       109        80
   Living alone................       124       195       114       121       105       121        59        77        53        80        84        46

AGE OF HOUSEHOLDER

Under 65 years.................     1,503     2,313     1,572     1,905     1,404     1,762     1,249     1,646     1,154     1,572     1,099     1,300
  15 to 24 years...............        98        97        69        67        55        63        57        45        34        58        37        30
  25 to 34 years...............       351       593       333       420       300       399       221       380       210       331       187       287
  35 to 44 years...............       392       612       422       576       395       496       384       479       320       490       327       360
  45 to 54 years...............       370       621       435       522       408       490       358       452       356       421       347       398
  55 to 64 years...............       291       389       312       320       244       313       229       290       235       273       201       225
65 years and over..............       283       253       202       196       234       216       164       157       110       101       120       119
  65 to 74 years...............       187       166       125       151       152       155       106       108        78        70        92        78
  75 years and over............        97        87        77        45        81        61        58        48        32        31        28        41

Mean age of householder........      47.1      45.2      46.7      45.4      47.1      46.0      46.9      45.5      46.5      44.6      46.7      45.9
HINC-01. Selected Characteristics of Households, by Total Money Income in 2004

[Source:  U.S. Census Bureau, Current Population Survey, 2005 Annual Social and Economic Supplement. Numbers in thousands.
          Households as of March of the following year.  A.O.I.C. stands for alone or in combination]

                                  $57,500   $60,000   $62,500   $65,000   $67,500   $70,000   $72,500   $75,000   $77,500   $80,000   $82,500   $85,000
                                       to        to        to        to        to        to        to        to        to        to        to        to
                                  $59,999   $62,499   $64,999   $67,499   $69,999   $72,499   $74,999   $77,499   $79,999   $82,499   $84,999   $87,499

SIZE OF HOUSEHOLD

One person.....................       237       459       244       298       191       261       125       202       110       183       145       127
Two people.....................       653       904       626       715       619       721       514       604       450       544       400       529
Three people...................       358       459       372       450       316       425       282       374       294       382       258       312
Four people....................       350       456       320       374       305       349       284       388       230       364       238       274
Five people....................       131       180       145       184       127       133       149       149       109       133       136       121
Six people.....................        37        70        50        50        36        65        32        60        45        44        23        35
Seven people or more...........        21        38        18        30        43        23        27        24        26        24        19        20

Mean size of household.........      2.87      2.77      2.88      2.90      2.97      2.87      3.07      3.03      3.09      3.01      3.02      2.99

NUMBER OF EARNERS

No earners.....................       148       121       107        79       136        59        63        75        50        31        59        52
One earner.....................       541       990       543       734       432       656       320       561       282       454       296       338
Two earners or more............     1,097     1,455     1,123     1,289     1,069     1,263     1,030     1,166       933     1,189       864     1,029
  2 earners....................       912     1,224       904     1,045       854     1,046       802       940       684       962       659       803
  3 earners....................       160       195       181       198       173       172       175       174       189       184       156       178
  4 earners or more............        24        36        39        46        43        45        53        52        60        43        49        47

Mean number of earners.........      1.69      1.66      1.78      1.76      1.79      1.78      1.94      1.82      2.02      1.91      1.92      1.95

WORK EXPERIENCE OF
HOUSEHOLDER

     Total.....................     1,786     2,566     1,774     2,101     1,637     1,978     1,413     1,802     1,264     1,673     1,219     1,418
Worked.........................     1,427     2,215     1,477     1,795     1,320     1,717     1,236     1,521     1,091     1,509     1,065     1,214
  Worked at f-t jobs...........     1,229     2,012     1,289     1,603     1,122     1,515     1,070     1,395       984     1,378       922     1,093
    50 weeks or more...........     1,062     1,787     1,155     1,437       982     1,360       957     1,260       858     1,235       814       985
    27 to 49 weeks.............       117       173        92       119        71       115        73        95        85       122        79        75
    26 weeks or less...........        50        53        43        47        70        40        39        40        41        21        29        33
  Worked at p-t jobs...........       198       203       187       192       198       203       167       127       107       131       143       121
    50 weeks or more...........       101       111       105       120       115       133       100        83        59        86        70        75
    27 to 49 weeks.............        47        57        57        38        33        30        39        24        22        24        31        29
    26 weeks or less...........        50        35        25        34        49        40        27        19        26        21        42        17
Did not work...................       359       351       297       306       317       260       176       281       173       164       154       204

EDUCATIONAL ATTAINMENT
 OF HOUSEHOLDER

 Total, 25 yrs & over..........     1,688     2,469     1,705     2,034     1,582     1,915     1,356     1,757     1,230     1,616     1,182     1,389
Less than 9th grade............        52        57        45        35        36        24        28        37        25        23        19        22
9th to 12th grade, no diploma..        86       124        87        87        55        56        35        60        59        70        25        53
High School graduate
(includes equivalency).........       534       772       515       635       485       597       377       496       362       376       312       358
Some college, no degree........       339       490       344       402       321       339       306       340       233       335       231       278
Associate Degree...............       180       260       187       222       168       229       174       169       128       206       155       143
Bachelor's Degree or more......       497       766       527       652       517       669       435       655       423       606       440       535
  Bachelor's Degree............       337       547       378       427       335       448       278       402       279       383       280       353
  Master's Degree..............       118       173       112       169       154       188       121       176       100       164       121       146
  Professional Degree..........        15        22        21        28        13        24        14        52        18        32        16        18
  Doctorate Degree.............        27        25        16        28        15        10        21        24        26        27        23        17

TENURE

Owner occupied.................     1,418     1,956     1,358     1,634     1,327     1,601     1,170     1,505     1,049     1,377     1,057     1,221
Renter occupied................       349       581       400       455       307       358       226       288       209       287       159       183
Occupier paid no cash
rent...........................        20        29        16        11         3        19        17        10         6         9         2        15
HINC-01. Selected Characteristics of Households, by Total Money Income in 2004

[Source:  U.S. Census Bureau, Current Population Survey, 2005 Annual Social and Economic Supplement. Numbers in thousands.
          Households as of March of the following year.  A.O.I.C. stands for alone or in combination]

                                  $87,500   $90,000   $92,500   $95,000   $97,500  $100,000        Median income                Mean income
                                       to        to        to        to        to       and                    Standard                    Standard
                                  $89,999   $92,499   $94,999   $97,499   $99,999      over  Value (Dol.)  error (Dol.)  Value (Dol.)  error (Dol.)

All Races
All Households.................       984     1,282       917     1,023       846    17,814        44,389           196        60,528           229

REGIONS/DIVISIONS

Northeast......................       201       278       188       210       139     4,018        47,994           451        66,470           610
 New England...................        60        92        66        64        30     1,191        51,735           553        69,808           937
 Middle Atlantic...............       141       186       122       146       110     2,827        46,571           466        65,270           737
Midwest........................       273       310       223       217       193     3,684        44,657           366        58,409           395
 East North Central............       177       216       138       134       146     2,562        44,034           455        57,362           462
 West North Central............        95        94        85        83        47     1,123        46,030           519        60,819           707
South..........................       297       387       300       376       305     5,673        40,773           227        56,500           372
 South Atlantic................       151       232       162       241       188     3,336        42,518           414        59,414           532
 East South Central............        51        66        42        48        42       724        36,583           506        50,044           702
 West South Central............        95        89        96        87        74     1,613        39,957           480        55,046           714
West...........................       213       307       206       220       209     4,439        47,680           417        64,339           565
 Mountain......................        72        79        67        69        52     1,121        45,677           449        60,153           696
 Pacific.......................       141       228       139       150       156     3,317        48,871           589        66,146           762

TYPE OF HOUSEHOLD

Family households..............       839     1,108       772       894       767    15,815        55,327           198        71,401           303
 Married-couple families.......       727     1,000       663       791       700    14,573        63,813           287        80,591           372
 Male householder, nsp.........        52        32        42        48        23       568        44,923           682        56,420           907
 Female householder, nsp.......        61        75        67        55        45       675        29,826           312        38,514           410
Nonfamily households...........       144       175       145       129        78     1,998        26,176           155        37,355           271
 Male householder..............        83       115        90        80        44     1,284        31,967           229        44,346           462
   Living alone................        48        58        50        45        25       688        27,357           264        38,230           464
 Female householder............        61        59        56        49        34       714        21,797           190        31,582           308
   Living alone................        32        41        36        15        23       385        19,446           199        27,866           315

AGE OF HOUSEHOLDER

Under 65 years.................       884     1,201       850       965       742    16,429        50,923           149        66,341           267
  15 to 24 years...............        13        27        15        28        11       288        27,586           463        35,751           608
  25 to 34 years...............       185       215       157       176       107     2,238        45,485           310        55,497           405
  35 to 44 years...............       259       389       231       296       235     4,768        56,785           324        72,475           583
  45 to 54 years...............       252       323       281       299       233     5,765        61,111           328        77,634           602
  55 to 64 years...............       174       246       166       167       155     3,370        50,400           352        66,738           582
65 years and over..............       100        81        67        57       104     1,385        24,509           173        37,909           383
  65 to 74 years...............        55        50        47        37        69     1,018        30,854           331        46,402           682
  75 years and over............        45        31        20        20        34       367        20,467           213        29,487           330

Mean age of householder........      46.9      45.8      46.7      45.4      48.5      47.5           (X)           (X)           (X)           (X)
HINC-01. Selected Characteristics of Households, by Total Money Income in 2004

[Source:  U.S. Census Bureau, Current Population Survey, 2005 Annual Social and Economic Supplement. Numbers in thousands.
          Households as of March of the following year.  A.O.I.C. stands for alone or in combination]

                                  $87,500   $90,000   $92,500   $95,000   $97,500  $100,000        Median income                Mean income
                                       to        to        to        to        to       and                    Standard                    Standard
                                  $89,999   $92,499   $94,999   $97,499   $99,999      over  Value (Dol.)  error (Dol.)  Value (Dol.)  error (Dol.)

SIZE OF HOUSEHOLD

One person.....................        80       100        86        59        48     1,073        22,480           166        32,258           270
Two people.....................       322       429       298       351       275     5,878        47,031           248        62,797           395
Three people...................       220       269       188       219       184     3,865        57,876           491        72,068           588
Four people....................       231       307       218       249       214     4,358        65,869           458        82,055           724
Five people....................        82       125        80       100        85     1,754        62,475           705        79,604         1,101
Six people.....................        23        33        26        25        28       566        57,087         1,104        74,825         1,685
Seven people or more...........        25        19        20        20        11       319        58,688         1,855        73,441         1,830

Mean size of household.........      3.15      3.16      3.19      3.18      3.22      3.23           (X)           (X)           (X)           (X)

NUMBER OF EARNERS

No earners.....................        29        25        37        10        32       422        16,151           126        22,796           171
One earner.....................       192       311       191       208       158     3,606        36,149           150        49,881           345
Two earners or more............       762       946       690       805       655    13,785        72,590           265        88,756           399
  2 earners....................       565       756       486       618       473     9,889        68,892           305        85,162           450
  3 earners....................       139       146       140       135       129     2,676        83,877           728        98,016           899
  4 earners or more............        58        45        64        52        54     1,220       100,000          (NA)       119,396         1,991

Mean number of earners.........      2.07      1.96      2.11      2.08      2.08      2.12           (X)           (X)           (X)           (X)

WORK EXPERIENCE OF
HOUSEHOLDER

     Total.....................       984     1,282       917     1,023       846    17,814        44,389           196        60,528           229
Worked.........................       846     1,150       811       920       732    15,887        55,900           193        71,853           297
  Worked at f-t jobs...........       725     1,033       743       825       646    14,173        58,760           280        74,746           329
    50 weeks or more...........       658       962       667       761       570    12,945        61,601           178        77,953           361
    27 to 49 weeks.............        45        55        57        47        52       907        45,575           687        62,299         1,023
    26 weeks or less...........        22        16        19        17        24       321        32,129           762        45,644         1,042
  Worked at p-t jobs...........       121       117        68        95        86     1,713        39,817           460        55,963           654
    50 weeks or more...........        83        71        46        59        45     1,069        43,026           659        60,318           899
    27 to 49 weeks.............        14        24        14        23        23       387        42,476         1,135        58,604         1,585
    26 weeks or less...........        24        22         8        14        19       257        30,249         1,076        43,601         1,093
Did not work...................       138       132       106       102       113     1,927        22,243           142        35,031           277

EDUCATIONAL ATTAINMENT
 OF HOUSEHOLDER

 Total, 25 yrs & over..........       970     1,255       903       995       834    17,526        45,996           173        62,083           239
Less than 9th grade............        11        14        14        21         5        98        19,541           290        27,084           546
9th to 12th grade, no diploma..        32        30        31        20        18       306        22,476           281        31,500           404
High School graduate
(includes equivalency).........       235       291       207       223       191     2,588        37,378           239        47,863           312
Some college, no degree........       201       210       162       181       169     2,566        47,390           402        58,730           470
Associate Degree...............       102       181       112       119       104     1,512        54,004           636        63,717           573
Bachelor's Degree or more......       389       529       377       431       346    10,455        74,527           526        95,153           615
  Bachelor's Degree............       254       355       273       267       210     5,833        68,626           557        85,613           631
  Master's Degree..............        99       129        61       130       104     2,921        80,282           852       102,351         1,441
  Professional Degree..........        19        23        24        18        21       954       100,000          (NA)       144,148         3,661
  Doctorate Degree.............        18        22        18        16        11       747       100,000          (NA)       125,920         3,418

TENURE

Owner occupied.................       847     1,135       789       892       756    16,137        54,614           249        70,626           298
Renter occupied................       135       137       124       126        88     1,604        27,898           214        37,745           290
Occupier paid no cash
rent...........................         1        10         4         4         2        73        23,341         1,317        33,795         1,018
HINC-01. Selected Characteristics of Households, by Total Money Income in 2004

[Source:  U.S. Census Bureau, Current Population Survey, 2005 Annual Social and Economic Supplement. Numbers in thousands.
          Households as of March of the following year.  A.O.I.C. stands for alone or in combination]

                                                                            Income per
                                                                         household member
                                        Gini ratio                                  Standard
                                                  Standard                             error
                                       ratio         error    B-Cell  Value (Dol.)    (Dol.)

All Races
All Households.................        0.450        0.0025     1,140        23,535       100

REGIONS/DIVISIONS

Northeast......................        0.462        0.0055     1,015        26,022       272
 New England...................        0.425        0.0085       684        27,650       440
 Middle Atlantic...............        0.464        0.0066     1,063        25,446       325
Midwest........................        0.434        0.0050     1,037        23,370       190
 East North Central............        0.432        0.0062     1,151        22,827       227
 West North Central............        0.439        0.0079       764        24,643       342
South..........................        0.456        0.0045     1,300        22,138       167
 South Atlantic................        0.450        0.0061     1,288        23,564       248
 East South Central............        0.461        0.0101     1,106        20,305       346
 West South Central............        0.458        0.0088     1,436        20,726       315
West...........................        0.440        0.0059     1,402        23,880       244
 Mountain......................        0.431        0.0082       798        22,902       319
 Pacific.......................        0.441        0.0076     1,642        24,287       327

TYPE OF HOUSEHOLD

Family households..............        0.409        0.0030     1,140        22,353       107
 Married-couple families.......        0.376        0.0034     1,140        25,137       133
 Male householder, nsp.........        0.399        0.0121     1,140        17,795       347
 Female householder, nsp.......        0.442        0.0072     1,140        12,213       151
Nonfamily households...........        0.475        0.0048     1,140        29,993       274
 Male householder..............        0.466        0.0070     1,140        33,032       441
   Living alone................        0.468        0.0081     1,140        38,230       635
 Female householder............        0.467        0.0064     1,140        27,102       344
   Living alone................        0.458        0.0071     1,140        27,866       415

AGE OF HOUSEHOLDER

Under 65 years.................        0.428        0.0028     1,140        23,830       106
  15 to 24 years...............        0.444        0.0106     1,140        14,262       282
  25 to 34 years...............        0.399        0.0060     1,140        19,217       174
  35 to 44 years...............        0.407        0.0055     1,140        22,425       209
  45 to 54 years...............        0.412        0.0054     1,140        27,924       255
  55 to 64 years...............        0.440        0.0063     1,140        30,544       328
65 years and over..............        0.476        0.0064     1,140        21,704       254
  65 to 74 years...............        0.479        0.0087     1,140        24,254       411
  75 years and over............        0.438        0.0089     1,140        18,645       270

Mean age of householder........          (X)           (X)       1.0           (X)       (X)
HINC-01. Selected Characteristics of Households, by Total Money Income in 2004

[Source:  U.S. Census Bureau, Current Population Survey, 2005 Annual Social and Economic Supplement. Numbers in thousands.
          Households as of March of the following year.  A.O.I.C. stands for alone or in combination]

                                                                            Income per
                                                                         household member
                                        Gini ratio                                  Standard
                                                  Standard                             error
                                       ratio         error    B-Cell  Value (Dol.)    (Dol.)

SIZE OF HOUSEHOLD

One person.....................        0.470        0.0054     1,140        32,258       355
Two people.....................        0.424        0.0044     1,140        30,912       232
Three people...................        0.400        0.0061     1,140        23,480       231
Four people....................        0.378        0.0064     1,140        20,389       212
Five people....................        0.387        0.0097     1,140        15,878       258
Six people.....................        0.397        0.0166     1,140        12,367       331
Seven people or more...........        0.396        0.0217     1,140         9,395       297

Mean size of household.........          (X)           (X)      1.00           (X)       (X)

NUMBER OF EARNERS

No earners.....................        0.468        0.0061     1,140        13,847       133
One earner.....................        0.433        0.0045     1,140        22,734       178
Two earners or more............        0.328        0.0038     1,140        26,368       142
  2 earners....................        0.336        0.0042     1,140        27,591       175
  3 earners....................        0.291        0.0095     1,140        23,429       295
  4 earners or more............        0.241        0.0166     1,140        21,948       496

Mean number of earners.........          (X)           (X)      1.00           (X)       (X)

WORK EXPERIENCE OF
HOUSEHOLDER

     Total.....................        0.450        0.0025     1,140        23,535       100
Worked.........................        0.397        0.0030     1,140        26,178       121
  Worked at f-t jobs...........        0.382        0.0032     1,140        27,090       135
    50 weeks or more...........        0.369        0.0035     1,140        28,140       151
    27 to 49 weeks.............        0.419        0.0111     1,140        23,128       447
    26 weeks or less...........        0.478        0.0148     1,140        16,906       449
  Worked at p-t jobs...........        0.465        0.0078     1,140        20,992       288
    50 weeks or more...........        0.447        0.0104     1,140        22,543       402
    27 to 49 weeks.............        0.455        0.0171     1,140        21,287       672
    26 weeks or less...........        0.505        0.0162     1,140        16,973       499
Did not work...................        0.508        0.0051     1,140        16,052       144

EDUCATIONAL ATTAINMENT
 OF HOUSEHOLDER

 Total, 25 yrs & over..........        0.446        0.0026     1,140        24,102       102
Less than 9th grade............        0.448        0.0118     1,140        10,125       228
9th to 12th grade, no diploma..        0.460        0.0093     1,140        12,133       186
High School graduate
(includes equivalency).........        0.420        0.0047     1,140        18,769       144
Some college, no degree........        0.405        0.0061     1,140        22,691       222
Associate Degree...............        0.375        0.0083     1,140        24,037       293
Bachelor's Degree or more......        0.371        0.0046     1,140        37,380       289
  Bachelor's Degree............        0.381        0.0058     1,140        33,410       308
  Master's Degree..............        0.349        0.0090     1,140        40,834       690
  Professional Degree..........        0.155        0.0168     1,140        54,873     1,761
  Doctorate Degree.............        0.198        0.0193     1,140        51,888     1,819

TENURE

Owner occupied.................        0.418        0.0030     1,140        26,472       124
Renter occupied................        0.457        0.0049     1,140        16,001       140
Occupier paid no cash
rent...........................        0.494        0.0225     1,140        15,176       572

Race Footnotes


Source: U.S. Census Bureau
Contact: Housing and Household Economic Statistics Information Staff at (301)763-3242
Last revised: June 24, 2005