HINC-01. Selected Characteristics of Households, by Total Money Income in 2005

[Source:  U.S. Census Bureau, Current Population Survey, 2006 Annual Social and Economic Supplement. Numbers in thousands.
          Households as of March of the following year.  A.O.I.C. stands for alone or in combination]

                                                            $2,500    $5,000    $7,500   $10,000   $12,500   $15,000   $17,500   $20,000   $22,500   $25,000
                                                   Under        to        to        to        to        to        to        to        to        to        to
                                         Total    $2,500    $4,999    $7,499    $9,999   $12,499   $14,999   $17,499   $19,999   $22,499   $24,999   $27,499

All Races
All Households.................        114,384     2,622     1,109     2,513     3,157     3,786     3,546     3,691     3,424     3,934     3,090     3,820

 TYPE OF RESIDENCE

Inside metro statistical areas          95,107     2,168       900     1,901     2,483     2,969     2,744     2,935     2,685     3,149     2,425     3,137
  Inside principal cities......         38,008     1,152       523     1,055     1,313     1,444     1,296     1,427     1,250     1,429     1,076     1,384
  Outside principal cities.....         57,098     1,017       377       846     1,170     1,525     1,448     1,508     1,436     1,720     1,348     1,753
Outside metro statistical areas 5/..    19,278       454       209       612       673       817       802       756       739       785       665       683

REGIONS/DIVISIONS

Northeast......................         21,054       474       200       447       630       634       649       612       513       649       566       676
 New England...................          5,622       124        35       112       144       202       176       148       136       150       151       161
 Middle Atlantic...............         15,432       350       165       335       487       433       474       464       377       499       415       515
Midwest........................         26,351       486       265       576       660       912       822       861       822       935       677       879
 East North Central............         18,319       365       200       410       469       614       569       580       563       662       455       627
 West North Central............          8,032       121        65       166       191       298       253       282       258       274       222       252
South..........................         41,805     1,135       452     1,097     1,241     1,433     1,358     1,479     1,426     1,551     1,235     1,481
 South Atlantic................         22,344       584       228       512       591       718       662       713       682       708       635       787
 East South Central............          6,923       175        89       240       256       242       282       312       294       325       230       228
 West South Central............         12,538       376       135       345       394       472       415       454       450       518       369       467
West...........................         25,174       528       192       393       625       806       716       739       663       799       612       785
 Mountain......................          7,864       157        70       172       192       234       201       244       219       264       211       271
 Pacific.......................         17,310       370       122       221       432       572       515       495       443       535       401       514

TYPE OF HOUSEHOLD

Family households..............         77,402     1,202       565       897       954     1,268     1,479     1,694     1,883     2,125     1,787     2,237
 Married-couple families.......         58,179       493       162       233       295       618       723       875     1,062     1,252     1,140     1,461
 Male householder, nsp.........          5,130       105        50        72        77       116       104       134       177       160       119       190
 Female householder, nsp.......         14,093       603       353       593       582       534       652       686       644       713       528       586
Nonfamily households...........         36,982     1,421       545     1,616     2,202     2,518     2,067     1,997     1,541     1,809     1,302     1,584
 Male householder..............         16,753       546       212       501       688       900       671       739       592       806       576       695
   Living alone................         13,061       480       194       471       618       852       613       660       508       709       495       576
 Female householder............         20,230       875       332     1,115     1,514     1,618     1,396     1,258       949     1,003       726       889
   Living alone................         17,392       803       316     1,078     1,470     1,560     1,343     1,192       873       912       667       773

AGE OF HOUSEHOLDER

Under 65 years.................         90,926     2,211       893     1,742     1,735     2,047     1,901     2,263     2,149     2,783     1,901     2,652
  15 to 24 years...............          6,795       381       180       265       255       317       299       325       312       383       206       358
  25 to 34 years...............         19,120       455       237       317       325       463       393       524       482       689       480       658
  35 to 44 years...............         23,016       467       133       360       328       373       382       498       441       585       475       589
  45 to 54 years...............         23,731       484       167       398       410       415       399       447       485       532       362       511
  55 to 64 years...............         18,264       425       177       403       416       480       428       469       430       595       379       536
65 years and over..............         23,459       411       216       771     1,422     1,738     1,645     1,428     1,275     1,152     1,189     1,168
  65 to 74 years...............         11,687       176        77       328       554       660       612       571       524       498       568       538
  75 years and over............         11,772       235       139       443       868     1,079     1,033       857       751       654       621       630

Mean age of householder........           49.2      45.7      46.3      52.2      57.3      57.2      57.6      54.5      53.8      50.8      54.1      51.0
HINC-01. Selected Characteristics of Households, by Total Money Income in 2005

[Source:  U.S. Census Bureau, Current Population Survey, 2006 Annual Social and Economic Supplement. Numbers in thousands.
          Households as of March of the following year.  A.O.I.C. stands for alone or in combination]

                                                            $2,500    $5,000    $7,500   $10,000   $12,500   $15,000   $17,500   $20,000   $22,500   $25,000
                                                   Under        to        to        to        to        to        to        to        to        to        to
                                         Total    $2,500    $4,999    $7,499    $9,999   $12,499   $14,999   $17,499   $19,999   $22,499   $24,999   $27,499

SIZE OF HOUSEHOLD

One person.....................         30,453     1,283       510     1,549     2,088     2,412     1,955     1,852     1,381     1,621     1,162     1,349
Two people.....................         37,775       729       285       463       546       741       895       970     1,175     1,256     1,143     1,411
Three people...................         18,924       304       164       275       259       283       312       386       420       510       336       474
Four people....................         15,998       174        93       122       142       199       221       280       231       298       253       328
Five people....................          7,306        82        38        59        82        93       112       115       140       167       137       167
Six people.....................          2,562        34        10        30        28        38        29        49        44        46        37        57
Seven people or more...........          1,366        18         8        13        11        20        20        40        33        37        23        34

Mean size of household.........           2.57      1.97      2.04      1.76      1.66      1.71      1.84      1.99      2.10      2.11      2.14      2.21

NUMBER OF EARNERS

No earners.....................         24,224     2,089       592     1,672     2,246     2,258     2,018     1,633     1,381     1,219     1,208     1,111
One earner.....................         42,066       482       461       732       812     1,367     1,330     1,726     1,662     2,238     1,397     2,026
Two earners or more............         48,095        51        55       109        98       161       198       332       381       478       484       684
  2 earners....................         38,327        48        53       104        90       148       191       311       361       443       452       629
  3 earners....................          7,337         3         3         4         6        11         6        20        17        32        31        49
  4 earners or more............          2,430         0         0         0         3         3         0         2         2         3         1         6

Mean number of earners.........           1.36      0.23      0.52      0.39      0.33      0.46      0.50      0.67      0.73      0.84      0.79      0.93

WORK EXPERIENCE OF
HOUSEHOLDER

     Total.....................        114,384     2,622     1,109     2,513     3,157     3,786     3,546     3,691     3,424     3,934     3,090     3,820
Worked.........................         79,087       466       475       759       777     1,327     1,297     1,795     1,711     2,317     1,571     2,264
  Worked at f-t jobs...........         67,123       251       240       368       423       875       869     1,285     1,258     1,824     1,219     1,853
    50 weeks or more...........         57,418       167        67       128       146       491       522       929       935     1,396       928     1,533
    27 to 49 weeks.............          6,231        19        25        83       102       212       187       204       191       301       194       205
    26 weeks or less...........          3,473        66       148       158       175       173       161       152       132       126        96       116
  Worked at p-t jobs...........         11,964       214       235       390       354       452       427       509       453       493       352       411
    50 weeks or more...........          6,521        49        74       139       126       240       236       291       238       272       171       242
    27 to 49 weeks.............          2,582        20        53        94        90       110        84        98       102       110        78        72
    26 weeks or less...........          2,862       146       108       157       138       102       107       120       113       111       103        98
Did not work...................         35,297     2,156       634     1,754     2,379     2,459     2,249     1,897     1,713     1,617     1,519     1,557

EDUCATIONAL ATTAINMENT
 OF HOUSEHOLDER

 Total, 25 yrs & over..........        107,589     2,241       930     2,248     2,902     3,469     3,247     3,367     3,112     3,552     2,884     3,462
Less than 9th grade............          6,088       186       108       437       590       558       389       407       340       323       244       277
9th to 12th grade, no diploma..          9,130       359       162       454       600       612       554       528       450       514       380       421
High School graduate
(includes equivalency).........         32,345       785       312       754       983     1,256     1,274     1,314     1,223     1,466     1,111     1,316
Some college, no degree........         19,311       356       184       301       358       486       507       536       518       629       478       673
Associate Degree...............          9,563       157        54       111       129       203       204       237       213       212       231       257
Bachelor's Degree or more......         31,153       398       108       191       241       354       318       346       367       407       440       518
  Bachelor's Degree............         19,843       268        79       148       179       264       247       237       268       287       346       363
  Master's Degree..............          7,943        91        18        32        53        63        50        90        77        97        70       110
  Professional Degree..........          1,789        20         3         6         6        11         8         7        19        10        16        23
  Doctorate Degree.............          1,578        18         8         4         4        15        13        12         3        12         8        21

TENURE

Owner occupied.................         78,330     1,129       382       948     1,235     1,796     1,858     1,938     1,855     2,045     1,821     2,198
Renter occupied................         34,581     1,377       677     1,485     1,844     1,901     1,584     1,685     1,484     1,811     1,203     1,575
Occupier paid no cash
rent...........................          1,474       116        50        80        77        89       103        69        85        79        66        48
HINC-01. Selected Characteristics of Households, by Total Money Income in 2005

[Source:  U.S. Census Bureau, Current Population Survey, 2006 Annual Social and Economic Supplement. Numbers in thousands.
          Households as of March of the following year.  A.O.I.C. stands for alone or in combination]

                                       $27,500   $30,000   $32,500   $35,000   $37,500   $40,000   $42,500   $45,000   $47,500   $50,000   $52,500   $55,000
                                            to        to        to        to        to        to        to        to        to        to        to        to
                                       $29,999   $32,499   $34,999   $37,499   $39,999   $42,499   $44,999   $47,499   $49,999   $52,499   $54,999   $57,499

All Races
All Households.................          2,798     3,882     2,530     3,506     2,470     3,464     2,306     2,913     2,345     3,142     1,975     2,490

 TYPE OF RESIDENCE

Inside metro statistical areas           2,168     3,239     1,991     2,885     1,969     2,821     1,838     2,412     1,880     2,609     1,629     2,073
  Inside principal cities......            911     1,398       774     1,248       759     1,210       726       946       767     1,084       643       795
  Outside principal cities.....          1,256     1,842     1,218     1,638     1,210     1,611     1,112     1,466     1,114     1,525       987     1,278
Outside metro statistical areas 5/..       630       643       538       620       501       643       468       501       465       533       346       417

REGIONS/DIVISIONS

Northeast......................            446       657       395       585       377       513       399       480       436       535       360       495
 New England...................            120       144       103       124       102       131       123       129       106       151        81       108
 Middle Atlantic...............            326       513       292       461       274       382       275       351       330       385       279       387
Midwest........................            653       831       614       831       635       869       611       625       566       753       481       622
 East North Central............            493       603       430       572       421       597       414       424       388       544       309       422
 West North Central............            160       228       183       259       214       272       197       201       178       209       172       200
South..........................          1,116     1,567       942     1,285       959     1,338       780     1,142       834     1,126       736       837
 South Atlantic................            577       794       518       703       508       701       425       624       429       633       421       457
 East South Central............            205       259       156       196       169       180       146       179       150       155       136       133
 West South Central............            334       513       268       386       282       457       208       339       254       338       179       247
West...........................            583       827       578       805       499       744       517       666       510       728       399       535
 Mountain......................            189       273       216       261       175       272       179       203       172       235       142       172
 Pacific.......................            394       554       362       544       324       472       338       462       338       493       256       363

TYPE OF HOUSEHOLD

Family households..............          1,742     2,477     1,686     2,116     1,677     2,284     1,658     2,037     1,667     2,137     1,453     1,840
 Married-couple families.......          1,181     1,667     1,153     1,361     1,194     1,653     1,213     1,519     1,234     1,645     1,102     1,454
 Male householder, nsp.........            145       206       140       221       150       184       109       152       129       185       111       107
 Female householder, nsp.......            416       604       393       534       333       447       335       366       304       307       241       279
Nonfamily households...........          1,056     1,405       844     1,389       793     1,180       648       875       679     1,005       523       649
 Male householder..............            444       758       403       738       399       627       315       445       362       566       272       315
   Living alone................            349       650       325       626       297       480       243       339       253       430       193       233
 Female householder............            612       648       441       651       394       553       334       430       317       439       251       334
   Living alone................            535       567       350       569       328       497       262       347       259       340       179       261

AGE OF HOUSEHOLDER

Under 65 years.................          1,918     3,081     1,876     2,832     1,876     2,910     1,804     2,409     1,971     2,740     1,601     2,184
  15 to 24 years...............            233       283       199       264       149       218       157       174       141       210       114       110
  25 to 34 years...............            459       811       449       742       438       737       368       559       481       652       374       578
  35 to 44 years...............            442       731       454       699       428       725       445       637       491       768       394       574
  45 to 54 years...............            401       687       424       641       445       682       461       581       467       646       379       520
  55 to 64 years...............            382       571       349       486       415       548       373       458       391       465       340       401
65 years and over..............            879       800       654       674       594       554       502       504       374       402       374       306
  65 to 74 years...............            454       427       355       337       315       292       272       271       203       247       233       187
  75 years and over............            426       374       299       337       279       262       231       232       171       155       141       119

Mean age of householder........           51.6      47.8      49.6      47.1      50.1      46.9      49.5      47.5      47.1      45.4      48.1      45.7
HINC-01. Selected Characteristics of Households, by Total Money Income in 2005

[Source:  U.S. Census Bureau, Current Population Survey, 2006 Annual Social and Economic Supplement. Numbers in thousands.
          Households as of March of the following year.  A.O.I.C. stands for alone or in combination]

                                       $27,500   $30,000   $32,500   $35,000   $37,500   $40,000   $42,500   $45,000   $47,500   $50,000   $52,500   $55,000
                                            to        to        to        to        to        to        to        to        to        to        to        to
                                       $29,999   $32,499   $34,999   $37,499   $39,999   $42,499   $44,999   $47,499   $49,999   $52,499   $54,999   $57,499

SIZE OF HOUSEHOLD

One person.....................            884     1,217       676     1,196       624       977       506       685       511       770       371       494
Two people.....................          1,112     1,355       999     1,106       948     1,228       877     1,026       866     1,065       709       867
Three people...................            334       553       384       537       389       526       419       514       425       579       413       454
Four people....................            246       413       295       369       287       426       284       398       293       429       278       396
Five people....................            133       220       108       187       143       186       124       169       156       181       124       160
Six people.....................             52        77        43        77        51        80        54        69        77        84        51        66
Seven people or more...........             37        48        25        35        26        41        44        52        18        34        29        53

Mean size of household.........           2.30      2.38      2.39      2.36      2.49      2.46      2.60      2.60      2.62      2.60      2.72      2.75

NUMBER OF EARNERS

No earners.....................            800       676       533       521       449       416       385       342       280       252       184       169
One earner.....................          1,334     2,280     1,198     1,967     1,151     1,827       920     1,386       926     1,500       752       967
Two earners or more............            663       926       798     1,018       870     1,220     1,001     1,185     1,139     1,390     1,039     1,354
  2 earners....................            604       831       723       877       786     1,088       843     1,006       979     1,220       870     1,146
  3 earners....................             48        82        67       129        78       119       142       159       125       151       144       179
  4 earners or more............             11        14         8        11         7        13        17        19        36        20        24        29

Mean number of earners.........           1.01      1.12      1.17      1.22      1.25      1.31      1.38      1.39      1.49      1.46      1.58      1.61

WORK EXPERIENCE OF
HOUSEHOLDER

     Total.....................          2,798     3,882     2,530     3,506     2,470     3,464     2,306     2,913     2,345     3,142     1,975     2,490
Worked.........................          1,676     2,683     1,650     2,597     1,707     2,579     1,644     2,188     1,812     2,492     1,526     2,063
  Worked at f-t jobs...........          1,312     2,269     1,401     2,240     1,424     2,250     1,418     1,920     1,542     2,264     1,290     1,829
    50 weeks or more...........          1,037     1,968     1,169     1,891     1,216     1,972     1,191     1,647     1,315     2,016     1,096     1,641
    27 to 49 weeks.............            167       193       151       258       145       183       159       184       159       168       116       137
    26 weeks or less...........            108       109        82        91        62        95        68        89        68        80        78        51
  Worked at p-t jobs...........            364       414       249       357       284       329       226       268       270       228       236       234
    50 weeks or more...........            184       247       146       193       157       189       111       142       139       131       111       126
    27 to 49 weeks.............             83        79        39        88        68        69        57        65        77        39        64        51
    26 weeks or less...........             97        88        64        76        59        72        57        61        54        58        61        57
Did not work...................          1,122     1,199       880       908       763       885       663       724       533       650       449       427

EDUCATIONAL ATTAINMENT
 OF HOUSEHOLDER

 Total, 25 yrs & over..........          2,564     3,599     2,331     3,242     2,321     3,246     2,149     2,739     2,204     2,932     1,861     2,380
Less than 9th grade............            201       258       156       183       104       145       115       101        80       112        58        72
9th to 12th grade, no diploma..            298       418       241       267       248       274       178       205       140       180       135       161
High School graduate
(includes equivalency).........            904     1,176       897     1,169       843     1,047       676       941       740       956       599       756
Some college, no degree........            494       733       456       664       451       654       483       543       477       639       394       472
Associate Degree...............            248       345       178       317       207       355       243       232       213       277       178       274
Bachelor's Degree or more......            420       670       403       641       467       772       454       716       553       768       497       644
  Bachelor's Degree............            300       504       267       479       324       501       291       472       391       494       329       404
  Master's Degree..............             98       116       104       138       105       219       115       184       131       219       120       202
  Professional Degree..........             13        30        19        12        22        21        20        34        19        27        18        19
  Doctorate Degree.............              9        21        13        12        17        30        27        25        12        28        30        19

TENURE

Owner occupied.................          1,665     2,333     1,639     2,080     1,644     2,253     1,604     2,037     1,663     2,158     1,449     1,801
Renter occupied................          1,085     1,485       855     1,390       784     1,165       688       852       665       953       508       670
Occupier paid no cash
rent...........................             48        64        35        36        42        46        14        23        17        30        18        19
HINC-01. Selected Characteristics of Households, by Total Money Income in 2005

[Source:  U.S. Census Bureau, Current Population Survey, 2006 Annual Social and Economic Supplement. Numbers in thousands.
          Households as of March of the following year.  A.O.I.C. stands for alone or in combination]

                                       $57,500   $60,000   $62,500   $65,000   $67,500   $70,000   $72,500   $75,000   $77,500   $80,000   $82,500   $85,000
                                            to        to        to        to        to        to        to        to        to        to        to        to
                                       $59,999   $62,499   $64,999   $67,499   $69,999   $72,499   $74,999   $77,499   $79,999   $82,499   $84,999   $87,499

All Races
All Households.................          1,745     2,702     1,703     2,073     1,660     2,094     1,447     1,893     1,271     1,704     1,233     1,320

 TYPE OF RESIDENCE

Inside metro statistical areas           1,426     2,271     1,380     1,758     1,383     1,716     1,190     1,596     1,075     1,478     1,035     1,141
  Inside principal cities......            484       819       473       707       453       618       442       518       346       529       356       397
  Outside principal cities.....            942     1,452       907     1,051       930     1,098       748     1,078       729       950       679       743
Outside metro statistical areas 5/..       319       430       323       315       277       378       257       297       195       226       198       179

REGIONS/DIVISIONS

Northeast......................            341       486       307       370       300       381       272       300       252       342       232       252
 New England...................             91       127        88       102        83       109        70        81        74        85        73        88
 Middle Atlantic...............            251       359       220       268       217       272       202       220       178       257       160       165
Midwest........................            374       634       435       478       436       519       351       426       303       429       308       322
 East North Central............            260       452       295       337       299       352       232       277       204       294       217       234
 West North Central............            114       182       141       141       137       167       119       149       100       135        91        88
South..........................            626       959       577       716       578       721       482       727       462       539       401       444
 South Atlantic................            341       514       315       404       311       422       248       436       257       311       225       234
 East South Central............             97       135        89       108       107       113        89       102        90        68        72        79
 West South Central............            187       310       172       203       160       185       145       188       115       161       104       131
West...........................            403       622       383       509       346       473       342       439       253       393       291       302
 Mountain......................            125       186       121       155       118       185       111       140        91       106        88       106
 Pacific.......................            278       436       262       354       227       288       231       298       163       288       203       196

TYPE OF HOUSEHOLD

Family households..............          1,388     2,045     1,389     1,633     1,343     1,653     1,190     1,502     1,047     1,372     1,052     1,114
 Married-couple families.......          1,079     1,633     1,125     1,317     1,092     1,401     1,015     1,260       900     1,181       885       974
 Male householder, nsp.........            110       162        80       106        92       108        55       105        51        96        52        49
 Female householder, nsp.......            199       249       184       210       159       145       120       137        96        95       115        91
Nonfamily households...........            357       657       313       440       317       441       257       391       223       332       181       206
 Male householder..............            174       342       174       236       144       231       149       233       127       207        97       110
   Living alone................            108       246       120       153        93       140        90       152        73       106        54        59
 Female householder............            183       315       139       204       173       210       108       157        96       125        84        96
   Living alone................            117       212        94       137       103       138        79       110        48        84        44        59

AGE OF HOUSEHOLDER

Under 65 years.................          1,498     2,432     1,450     1,861     1,425     1,882     1,248     1,715     1,138     1,575     1,090     1,204
  15 to 24 years...............             85       127        64        58        97        71        55       102        35        59        44        34
  25 to 34 years...............            382       628       306       423       262       453       249       391       229       314       204       235
  35 to 44 years...............            376       643       428       501       364       492       327       431       315       481       280       387
  45 to 54 years...............            359       583       357       566       359       528       379       507       314       449       347       354
  55 to 64 years...............            296       451       295       313       343       339       239       285       245       271       216       193
65 years and over..............            246       270       253       212       235       213       199       178       133       130       143       116
  65 to 74 years...............            159       179       163       129       152       140       125       112        78        93        92        77
  75 years and over............             88        90        89        83        83        73        74        65        55        37        51        39

Mean age of householder........           46.5      45.2      47.5      46.0      48.0      45.8      47.7      45.2      46.9      45.3      47.4      45.6
HINC-01. Selected Characteristics of Households, by Total Money Income in 2005

[Source:  U.S. Census Bureau, Current Population Survey, 2006 Annual Social and Economic Supplement. Numbers in thousands.
          Households as of March of the following year.  A.O.I.C. stands for alone or in combination]

                                       $57,500   $60,000   $62,500   $65,000   $67,500   $70,000   $72,500   $75,000   $77,500   $80,000   $82,500   $85,000
                                            to        to        to        to        to        to        to        to        to        to        to        to
                                       $59,999   $62,499   $64,999   $67,499   $69,999   $72,499   $74,999   $77,499   $79,999   $82,499   $84,999   $87,499

SIZE OF HOUSEHOLD

One person.....................            224       458       213       289       195       278       169       261       121       189        98       118
Two people.....................            657       973       665       715       701       796       528       660       467       590       439       500
Three people...................            376       506       328       450       356       379       290       368       257       345       268       281
Four people....................            290       414       289       362       225       390       259       350       244       378       256       249
Five people....................            117       232       126       163       119       180       126       169       140       140       110       119
Six people.....................             56        76        57        68        41        50        47        54        25        47        41        26
Seven people or more...........             23        41        24        25        22        22        28        31        16        16        21        26

Mean size of household.........           2.87      2.82      2.89      2.93      2.80      2.88      3.00      2.95      3.04      3.01      3.10      3.00

NUMBER OF EARNERS

No earners.....................            128       138       111        84       148       110        93        85        73        54        58        51
One earner.....................            561     1,108       492       668       466       655       393       597       267       485       277       293
Two earners or more............          1,056     1,456     1,100     1,321     1,046     1,329       962     1,211       930     1,165       898       975
  2 earners....................            886     1,240       878     1,089       850     1,101       764       953       706       908       671       791
  3 earners....................            142       175       182       171       157       173       153       205       162       205       180       132
  4 earners or more............             28        42        40        62        38        55        44        53        62        52        48        53

Mean number of earners.........           1.70      1.63      1.79      1.81      1.74      1.77      1.82      1.82      1.98      1.89      1.97      1.94

WORK EXPERIENCE OF
HOUSEHOLDER

     Total.....................          1,745     2,702     1,703     2,073     1,660     2,094     1,447     1,893     1,271     1,704     1,233     1,320
Worked.........................          1,384     2,231     1,434     1,760     1,355     1,788     1,203     1,622     1,095     1,475     1,062     1,171
  Worked at f-t jobs...........          1,202     2,016     1,260     1,543     1,181     1,624     1,054     1,432       965     1,334       960     1,064
    50 weeks or more...........          1,059     1,765     1,097     1,395     1,040     1,430       925     1,276       863     1,177       875       947
    27 to 49 weeks.............             86       169       113        98        93       145        90       111        76       119        69        85
    26 weeks or less...........             58        82        50        50        48        49        39        45        26        37        16        32
  Worked at p-t jobs...........            182       216       174       216       175       164       149       190       131       141       102       107
    50 weeks or more...........            105       134        83       129       101       103        99       102        81        84        66        63
    27 to 49 weeks.............             34        34        56        45        32        25        34        50        27        23        23        19
    26 weeks or less...........             42        47        35        42        42        36        16        38        22        34        12        25
Did not work...................            361       470       269       314       304       306       244       271       175       229       171       149

EDUCATIONAL ATTAINMENT
 OF HOUSEHOLDER

 Total, 25 yrs & over..........          1,660     2,575     1,639     2,015     1,562     2,023     1,393     1,791     1,236     1,645     1,189     1,285
Less than 9th grade............             33        68        57        56        41        39        20        37        24        16        20        21
9th to 12th grade, no diploma..             96       149        90        96        62        72        45        47        44        60        40        45
High School graduate
(includes equivalency).........            509       794       477       589       462       576       393       488       344       432       282       306
Some college, no degree........            340       466       295       392       263       394       271       333       259       296       236       270
Associate Degree...............            181       258       201       206       179       239       159       215       133       184       128       142
Bachelor's Degree or more......            500       840       518       676       556       703       505       672       431       657       483       500
  Bachelor's Degree............            311       533       353       454       367       475       331       440       262       425       313       350
  Master's Degree..............            145       250       124       166       141       164       116       163       129       170       118       115
  Professional Degree..........             18        28        24        33        28        30        22        35        17        23        22        23
  Doctorate Degree.............             26        28        17        22        20        33        36        34        24        39        30        12

TENURE

Owner occupied.................          1,306     2,016     1,330     1,606     1,345     1,679     1,177     1,556     1,047     1,383     1,032     1,072
Renter occupied................            419       670       356       461       305       408       256       330       218       310       201       240
Occupier paid no cash
rent...........................             20        16        16         7        10         7        15         6         5        11         1         7
HINC-01. Selected Characteristics of Households, by Total Money Income in 2005

[Source:  U.S. Census Bureau, Current Population Survey, 2006 Annual Social and Economic Supplement. Numbers in thousands.
          Households as of March of the following year.  A.O.I.C. stands for alone or in combination]

                                       $87,500   $90,000   $92,500   $95,000   $97,500  $100,000        Median income                Mean income
                                            to        to        to        to        to       and                    Standard                    Standard
                                       $89,999   $92,499   $94,999   $97,499   $99,999      over  Value (Dol.)  error (Dol.)  Value (Dol.)  error (Dol.)

All Races
All Households.................          1,084     1,456       881     1,038       854    19,716        46,326           155        63,344           239

 TYPE OF RESIDENCE

Inside metro statistical areas             938     1,251       768       910       744    18,031        48,474           219        66,278           272
  Inside principal cities......            283       384       268       308       236     5,774        41,166           215        58,791           420
  Outside principal cities.....            655       868       499       602       508    12,257        53,544           323        71,262           354
Outside metro statistical areas 5/..       146       204       114       128       109     1,685        37,564           415        48,869           544

REGIONS/DIVISIONS

Northeast......................            201       291       175       188       190     4,442        50,882           371        70,888           690
 New England...................             63        74        49        64        35     1,305        53,738         1,096        72,692         1,054
 Middle Atlantic...............            138       217       125       125       155     3,137        49,986           765        70,231         1,327
Midwest........................            275       389       230       229       215     4,011        45,950           352        60,348           437
 East North Central............            181       292       158       137       153     2,812        45,675           447        60,229           529
 West North Central............             94        97        72        92        61     1,199        46,530           555        60,618           764
South..........................            346       494       267       368       256     6,293        42,138           212        58,660           370
 South Atlantic................            208       289       158       224       132     3,702        45,503           329        61,800           515
 East South Central............             39        64        31        48        45       807        37,123           582        52,618           784
 West South Central............             99       142        77        95        79     1,784        40,497           352        56,398           704
West...........................            262       282       210       253       193     4,969        50,002           370        67,951           576
 Mountain......................             90        98        65        73        46     1,231        46,607           546        61,621           812
 Pacific.......................            171       183       145       180       147     3,738        51,243           387        70,826           754

TYPE OF HOUSEHOLD

Family households..............            926     1,213       787       911       755    17,219        57,278           202        74,390           309
 Married-couple families.......            798     1,068       677       803       658    15,622        66,067           244        83,757           378
 Male householder, nsp.........             35        56        41        36        38       715        46,756           627        59,533           950
 Female householder, nsp.......             92        88        68        71        58       883        30,650           262        41,131           461
Nonfamily households...........            158       243        95       128        99     2,496        27,326           162        40,225           319
 Male householder..............            102       152        68        83        57     1,497        34,048           429        47,355           561
   Living alone................             46        91        36        49        30       824        30,020           327        41,279           603
 Female householder............             56        92        27        44        42       999        22,688           251        34,321           346
   Living alone................             30        62         9        31        19       537        20,166           194        29,233           276

AGE OF HOUSEHOLDER

Under 65 years.................            977     1,328       826       942       781    18,074        52,287           147        69,195           277
  15 to 24 years...............             18        19        18        23        26       330        28,770           472        37,265           595
  25 to 34 years...............            164       307       152       188       119     2,445        47,379           347        57,746           458
  35 to 44 years...............            266       389       242       293       243     5,139        58,084           538        74,259           545
  45 to 54 years...............            318       404       266       287       232     6,181        62,424           440        81,141           646
  55 to 64 years...............            210       209       150       152       161     3,980        52,260           415        71,155           629
65 years and over..............            107       128        55        97        72     1,641        26,036           175        40,668           417
  65 to 74 years...............             77        82        41        74        46     1,170        31,670           338        49,477           742
  75 years and over............             31        46        15        22        26       471        21,842           221        31,923           364

Mean age of householder........           47.7      45.7      46.0      45.9      46.7      47.8           (X)           (X)           (X)           (X)
HINC-01. Selected Characteristics of Households, by Total Money Income in 2005

[Source:  U.S. Census Bureau, Current Population Survey, 2006 Annual Social and Economic Supplement. Numbers in thousands.
          Households as of March of the following year.  A.O.I.C. stands for alone or in combination]

                                       $87,500   $90,000   $92,500   $95,000   $97,500  $100,000        Median income                Mean income
                                            to        to        to        to        to       and                    Standard                    Standard
                                       $89,999   $92,499   $94,999   $97,499   $99,999      over  Value (Dol.)  error (Dol.)  Value (Dol.)  error (Dol.)

SIZE OF HOUSEHOLD

One person.....................             76       153        44        80        50     1,361        23,736           200        34,400           305
Two people.....................            405       473       309       296       239     6,589        49,294           300        65,336           390
Three people...................            261       330       204       234       214     4,230        58,917           488        74,879           627
Four people....................            225       304       191       253       221     4,641        69,605           675        86,517           756
Five people....................             78       158        84       120        86     1,956        66,487           698        84,641         1,165
Six people.....................             25        27        28        37        27       645        61,342           883        80,886         1,818
Seven people or more...........             13        11        20        18        17       293        56,796         1,069        75,543         2,868

Mean size of household.........           3.03      3.03      3.25      3.29      3.33      3.20           (X)           (X)           (X)           (X)

NUMBER OF EARNERS

No earners.....................             46        39        21        22        28       501        16,893           127        24,032           177
One earner.....................            244       364       137       220       145     4,253        37,541           197        52,562           362
Two earners or more............            794     1,053       724       796       681    14,961        75,293           242        92,575           417
  2 earners....................            589       813       519       594       488    10,688        70,952           237        88,205           451
  3 earners....................            164       194       161       154       148     2,874        87,905           734       104,940         1,197
  4 earners or more............             42        46        43        49        45     1,399       100,000          (NA)       124,164         1,885

Mean number of earners.........           1.98      1.95      2.17      2.06      2.12      2.10           (X)           (X)           (X)           (X)

WORK EXPERIENCE OF
HOUSEHOLDER

     Total.....................          1,084     1,456       881     1,038       854    19,716        46,326           155        63,344           239
Worked.........................            921     1,263       806       926       734    17,481        57,802           271        74,995           308
  Worked at f-t jobs...........            814     1,155       727       821       660    15,685        60,909           172        77,796           333
    50 weeks or more...........            726     1,034       656       745       589    14,422        63,610           292        81,313           364
    27 to 49 weeks.............             63        79        53        52        53       934        46,873           572        62,234           991
    26 weeks or less...........             25        41        19        24        17       329        32,985           898        47,580         1,173
  Worked at p-t jobs...........            107       108        78       105        74     1,796        40,171           466        59,279           790
    50 weeks or more...........             65        63        42        54        45     1,149        44,044           967        67,141         1,293
    27 to 49 weeks.............             23        21        24        32        19       371        40,834           987        55,652         1,218
    26 weeks or less...........             19        25        12        19         9       277        30,832           809        44,633           941
Did not work...................            163       193        76       112       120     2,234        23,801           165        37,239           303

EDUCATIONAL ATTAINMENT
 OF HOUSEHOLDER

 Total, 25 yrs & over..........          1,066     1,437       864     1,015       827    19,386        47,716           199        64,991           250
Less than 9th grade............             19        15        19        17        10       131        20,224           320        27,986           372
9th to 12th grade, no diploma..             42        59        16        43        29       312        24,675           335        33,214           370
High School graduate
(includes equivalency).........            286       310       200       244       146     3,011        38,191           285        49,131           308
Some college, no degree........            204       267       186       199       184     2,965        48,284           389        60,963           492
Associate Degree...............            127       162        98        98        98     1,679        54,709           657        65,733           704
Bachelor's Degree or more......            388       624       345       414       360    11,288        77,179           359       100,272           641
  Bachelor's Degree............            258       409       233       275       234     6,377        72,424           465        91,421           723
  Master's Degree..............             96       146        84       123        88     3,101        81,023           698       104,274         1,306
  Professional Degree..........              9        41        13         6        20     1,011       100,000          (NA)       154,278         3,759
  Doctorate Degree.............             25        28        15        10        18       799       100,000          (NA)       130,187         3,509

TENURE

Owner occupied.................            929     1,238       757       888       742    17,696        56,992           207        74,554           317
Renter occupied................            153       217       118       142       111     1,938        29,031           229        39,219           276
Occupier paid no cash
rent...........................              1         1         6         8         0        82        22,149           682        33,635         1,173
HINC-01. Selected Characteristics of Households, by Total Money Income in 2005

[Source:  U.S. Census Bureau, Current Population Survey, 2006 Annual Social and Economic Supplement. Numbers in thousands.
          Households as of March of the following year.  A.O.I.C. stands for alone or in combination]

                                                                                 Income per
                                                                              household member
                                             Gini ratio                                  Standard
                                                       Standard                             error
                                            ratio         error    B-Cell  Value (Dol.)    (Dol.)

All Races
All Households.................             0.450        0.0025     1,140        24,672       106

 TYPE OF RESIDENCE

Inside metro statistical areas              0.448        0.0027     1,140        25,584       114
  Inside principal cities......             0.472        0.0044     1,140        23,734       191
  Outside principal cities.....             0.428        0.0035     1,140        26,728       151
Outside metro statistical areas 5/..        0.437        0.0075     1,710        19,923       262

REGIONS/DIVISIONS

Northeast......................             0.451        0.0059     1,197        27,611       308
 New England...................             0.450        0.0097       901        28,995       507
 Middle Atlantic...............             0.452        0.0111     3,054        27,123       600
Midwest........................             0.434        0.0053     1,174        24,431       212
 East North Central............             0.436        0.0065     1,254        24,251       259
 West North Central............             0.430        0.0088       992        24,851       379
South..........................             0.458        0.0043     1,231        23,063       167
 South Atlantic................             0.452        0.0058     1,208        24,715       244
 East South Central............             0.466        0.0105     1,140        21,071       377
 West South Central............             0.462        0.0083     1,322        21,319       311
West...........................             0.443        0.0055     1,254        25,082       246
 Mountain......................             0.436        0.0090     1,003        23,670       372
 Pacific.......................             0.443        0.0069     1,345        25,687       318

TYPE OF HOUSEHOLD

Family households..............             0.408        0.0030     1,140        23,279       109
 Married-couple families.......             0.375        0.0034     1,140        26,092       136
 Male householder, nsp.........             0.409        0.0119     1,140        18,944       365
 Female householder, nsp.......             0.459        0.0074     1,140        13,037       167
Nonfamily households...........             0.484        0.0048     1,140        32,109       310
 Male householder..............             0.469        0.0070     1,140        35,409       511
   Living alone................             0.472        0.0083     1,140        41,279       758
 Female householder............             0.485        0.0065     1,140        29,019       374
   Living alone................             0.465        0.0069     1,140        29,233       393

AGE OF HOUSEHOLDER

Under 65 years.................             0.428        0.0028     1,140        24,892       110
  15 to 24 years...............             0.443        0.0103     1,140        14,848       279
  25 to 34 years...............             0.403        0.0060     1,140        19,936       191
  35 to 44 years...............             0.404        0.0054     1,140        22,840       199
  45 to 54 years...............             0.410        0.0053     1,140        29,202       272
  55 to 64 years...............             0.440        0.0062     1,140        32,860       354
65 years and over..............             0.484        0.0063     1,140        23,316       276
  65 to 74 years...............             0.482        0.0087     1,140        26,157       449
  75 years and over............             0.453        0.0088     1,140        19,978       291

Mean age of householder........               (X)           (X)       1.0           (X)       (X)
HINC-01. Selected Characteristics of Households, by Total Money Income in 2005

[Source:  U.S. Census Bureau, Current Population Survey, 2006 Annual Social and Economic Supplement. Numbers in thousands.
          Households as of March of the following year.  A.O.I.C. stands for alone or in combination]

                                                                                 Income per
                                                                              household member
                                             Gini ratio                                  Standard
                                                       Standard                             error
                                            ratio         error    B-Cell  Value (Dol.)    (Dol.)

SIZE OF HOUSEHOLD

One person.....................             0.476        0.0054     1,140        34,400       390
Two people.....................             0.425        0.0044     1,140        32,081       232
Three people...................             0.399        0.0060     1,140        24,300       241
Four people....................             0.371        0.0064     1,140        21,344       222
Five people....................             0.385        0.0096     1,140        16,787       271
Six people.....................             0.391        0.0164     1,140        13,272       354
Seven people or more...........             0.397        0.0228     1,140         9,666       414

Mean size of household.........               (X)           (X)      1.00           (X)       (X)

NUMBER OF EARNERS

No earners.....................             0.472        0.0059     1,140        14,635       139
One earner.....................             0.437        0.0045     1,140        24,088       188
Two earners or more............             0.324        0.0037     1,140        27,466       148
  2 earners....................             0.334        0.0042     1,140        28,602       176
  3 earners....................             0.278        0.0094     1,140        25,164       358
  4 earners or more............             0.252        0.0160     1,140        22,673       481

Mean number of earners.........               (X)           (X)      1.00           (X)       (X)

WORK EXPERIENCE OF
HOUSEHOLDER

     Total.....................             0.450        0.0025     1,140        24,672       106
Worked.........................             0.397        0.0030     1,140        27,389       126
  Worked at f-t jobs...........             0.381        0.0032     1,140        28,248       138
    50 weeks or more...........             0.367        0.0035     1,140        29,334       153
    27 to 49 weeks.............             0.417        0.0108     1,140        23,488       445
    26 weeks or less...........             0.486        0.0149     1,140        17,990       509
  Worked at p-t jobs...........             0.475        0.0080     1,140        22,380       339
    50 weeks or more...........             0.465        0.0108     1,140        25,219       547
    27 to 49 weeks.............             0.455        0.0166     1,140        21,343       581
    26 weeks or less...........             0.497        0.0161     1,140        16,810       438
Did not work...................             0.511        0.0051     1,140        17,043       155

EDUCATIONAL ATTAINMENT
 OF HOUSEHOLDER

 Total, 25 yrs & over..........             0.446        0.0026     1,140        25,278       107
Less than 9th grade............             0.442        0.0110     1,140        10,442       176
9th to 12th grade, no diploma..             0.445        0.0090     1,140        12,612       176
High School graduate
(includes equivalency).........             0.427        0.0047     1,140        19,425       145
Some college, no degree........             0.409        0.0060     1,140        23,704       232
Associate Degree...............             0.388        0.0084     1,140        25,095       338
Bachelor's Degree or more......             0.359        0.0045     1,140        39,177       299
  Bachelor's Degree............             0.372        0.0057     1,140        35,332       340
  Master's Degree..............             0.345        0.0088     1,140        41,724       648
  Professional Degree..........             0.120        0.0163     1,140        58,260     1,816
  Doctorate Degree.............             0.193        0.0187     1,140        54,005     1,858

TENURE

Owner occupied.................             0.415        0.0030     1,140        28,024       133
Renter occupied................             0.459        0.0048     1,140        16,544       134
Occupier paid no cash
rent...........................             0.506        0.0246     1,140        14,983       623

Race Footnotes


Source: U.S. Census Bureau
Contact: Housing and Household Economic Statistics Information Staff at (301)763-3242
Last revised: August 29, 2006